Output Path: ./outputs/seqLen10/multiDS-nonOverlap/NCI1/eps_0.01_0.1
Preparing data (original features) ...
Done

Done setting up devices.
average client similarity
tensor([[1.0000, 0.6073],
        [0.6073, 1.0000]])
average embedding similarity
tensor([[1.0000, 0.4997],
        [0.4997, 1.0000]])
average client similarity
tensor([[1.0000, 0.5997],
        [0.5997, 1.0000]])
average embedding similarity
tensor([[1.0000, 0.8658],
        [0.8658, 1.0000]])
average client similarity
tensor([[1.0000, 0.6280],
        [0.6280, 1.0000]])
average embedding similarity
tensor([[1.0000, 0.9247],
        [0.9247, 1.0000]])
average client similarity
tensor([[1.0000, 0.6192],
        [0.6192, 1.0000]])
average embedding similarity
tensor([[1.0000, 0.5989],
        [0.5989, 1.0000]])
average client similarity
tensor([[1.0000, 0.5993],
        [0.5993, 1.0000]])
average embedding similarity
tensor([[1.0000, 0.7131],
        [0.7131, 1.0000]])
NCI1_Selftraining_sim_200
               best_test_acc  final_test_acc  final_best_test_acc
0-NCI1-normal       0.771776        0.752798             0.761557
1-NCI1-normal       0.737713        0.720195             0.727007
mean                0.754745        0.736496             0.744282
std                 0.010050        0.010369             0.007824
Done

Done setting up devices.
NCI1_FedAvg_sim_200
               best_test_acc  final_test_acc  final_best_test_acc
0-NCI1-normal       0.759124        0.745012             0.748905
1-NCI1-normal       0.751338        0.733333             0.746959
mean                0.755231        0.739173             0.747932
std                 0.006769        0.010050             0.006126
Done

Done setting up devices.
average client graph
tensor([[0.5000, 0.5000],
        [0.5000, 0.5000]])
NCI1_SFL_sim_200
               best_test_acc  final_test_acc  final_best_test_acc
0-NCI1-normal       0.757664        0.743066             0.747932
1-NCI1-normal       0.753285        0.742579             0.751825
mean                0.755474        0.742822             0.749878
std                 0.012943        0.010369             0.012444
Done

Done setting up devices.
average client similarity
tensor([[1.0000, 0.7688, 0.7204, 0.7539],
        [0.7688, 1.0000, 0.7266, 0.7486],
        [0.7204, 0.7266, 1.0000, 0.7100],
        [0.7539, 0.7486, 0.7100, 1.0000]])
average embedding similarity
tensor([[1.0000, 0.7130, 0.4380, 0.7541],
        [0.7130, 1.0000, 0.5910, 0.6564],
        [0.4380, 0.5910, 1.0000, 0.4403],
        [0.7541, 0.6564, 0.4403, 1.0000]])
average client similarity
tensor([[1.0000, 0.7105, 0.7325, 0.7394],
        [0.7105, 1.0000, 0.6785, 0.7065],
        [0.7325, 0.6785, 1.0000, 0.7440],
        [0.7394, 0.7065, 0.7440, 1.0000]])
average embedding similarity
tensor([[1.0000, 0.7601, 0.6099, 0.4143],
        [0.7601, 1.0000, 0.6077, 0.4616],
        [0.6099, 0.6077, 1.0000, 0.4285],
        [0.4143, 0.4616, 0.4285, 1.0000]])
average client similarity
tensor([[1.0000, 0.7655, 0.7298, 0.7195],
        [0.7655, 1.0000, 0.7631, 0.7127],
        [0.7298, 0.7631, 1.0000, 0.7182],
        [0.7195, 0.7127, 0.7182, 1.0000]])
average embedding similarity
tensor([[1.0000, 0.7097, 0.4604, 0.6833],
        [0.7097, 1.0000, 0.3659, 0.4304],
        [0.4604, 0.3659, 1.0000, 0.5607],
        [0.6833, 0.4304, 0.5607, 1.0000]])
average client similarity
tensor([[1.0000, 0.7902, 0.7462, 0.6934],
        [0.7902, 1.0000, 0.7416, 0.7034],
        [0.7462, 0.7416, 1.0000, 0.7163],
        [0.6934, 0.7034, 0.7163, 1.0000]])
average embedding similarity
tensor([[1.0000, 0.3600, 0.3678, 0.1909],
        [0.3600, 1.0000, 0.6245, 0.7807],
        [0.3678, 0.6245, 1.0000, 0.7082],
        [0.1909, 0.7807, 0.7082, 1.0000]])
average client similarity
tensor([[1.0000, 0.7413, 0.7131, 0.7124],
        [0.7413, 1.0000, 0.7313, 0.7599],
        [0.7131, 0.7313, 1.0000, 0.7496],
        [0.7124, 0.7599, 0.7496, 1.0000]])
average embedding similarity
tensor([[1.0000, 0.8180, 0.3237, 0.2209],
        [0.8180, 1.0000, 0.5516, 0.3258],
        [0.3237, 0.5516, 1.0000, 0.5827],
        [0.2209, 0.3258, 0.5827, 1.0000]])
NCI1_Selftraining_sim_200
               best_test_acc  final_test_acc  final_best_test_acc
0-NCI1-normal       0.751949        0.714961             0.731537
1-NCI1-normal       0.742018        0.706957             0.714729
2-NCI1-normal       0.751939        0.722756             0.731504
3-NCI1-normal       0.739034        0.722467             0.726356
mean                0.746235        0.716785             0.726031
std                 0.004988        0.004530             0.003084
Done

Done setting up devices.
NCI1_FedAvg_sim_200
               best_test_acc  final_test_acc  final_best_test_acc
0-NCI1-normal       0.768477        0.755809             0.757769
1-NCI1-normal       0.743926        0.711759             0.731262
2-NCI1-normal       0.751920        0.728582             0.742202
3-NCI1-normal       0.756595        0.734203             0.736159
mean                0.755230        0.732588             0.741848
std                 0.008495        0.015005             0.009085
Done

Done setting up devices.
average client graph
tensor([[0.2500, 0.2500, 0.2500, 0.2500],
        [0.2500, 0.2500, 0.2500, 0.2500],
        [0.2500, 0.2500, 0.2500, 0.2500],
        [0.2500, 0.2500, 0.2500, 0.2500]])
NCI1_SFL_sim_200
               best_test_acc  final_test_acc  final_best_test_acc
0-NCI1-normal       0.738319        0.724684             0.733455
1-NCI1-normal       0.762396        0.729297             0.751674
2-NCI1-normal       0.760696        0.732484             0.747080
3-NCI1-normal       0.738091        0.705939             0.718627
mean                0.749876        0.723101             0.737709
std                 0.007086        0.015457             0.008363
Done

Done setting up devices.
average client similarity
tensor([[1.0000, 0.7609, 0.7813, 0.7728, 0.7606, 0.7713],
        [0.7609, 1.0000, 0.7425, 0.7314, 0.7523, 0.7319],
        [0.7813, 0.7425, 1.0000, 0.7607, 0.7635, 0.7567],
        [0.7728, 0.7314, 0.7607, 1.0000, 0.7357, 0.7898],
        [0.7606, 0.7523, 0.7635, 0.7357, 1.0000, 0.7374],
        [0.7713, 0.7319, 0.7567, 0.7898, 0.7374, 1.0000]])
average embedding similarity
tensor([[1.0000, 0.8358, 0.4166, 0.8115, 0.8759, 0.7840],
        [0.8358, 1.0000, 0.4216, 0.7442, 0.7331, 0.6662],
        [0.4166, 0.4216, 1.0000, 0.5062, 0.4298, 0.6735],
        [0.8115, 0.7442, 0.5062, 1.0000, 0.8034, 0.7184],
        [0.8759, 0.7331, 0.4298, 0.8034, 1.0000, 0.7794],
        [0.7840, 0.6662, 0.6735, 0.7184, 0.7794, 1.0000]])
average client similarity
tensor([[1.0000, 0.7911, 0.7997, 0.7983, 0.7921, 0.8021],
        [0.7911, 1.0000, 0.7572, 0.7438, 0.7681, 0.7724],
        [0.7997, 0.7572, 1.0000, 0.7470, 0.7502, 0.7713],
        [0.7983, 0.7438, 0.7470, 1.0000, 0.7322, 0.7595],
        [0.7921, 0.7681, 0.7502, 0.7322, 1.0000, 0.7802],
        [0.8021, 0.7724, 0.7713, 0.7595, 0.7802, 1.0000]])
average embedding similarity
tensor([[1.0000, 0.8493, 0.6605, 0.9594, 0.9641, 0.5566],
        [0.8493, 1.0000, 0.6925, 0.8945, 0.8415, 0.6874],
        [0.6605, 0.6925, 1.0000, 0.6587, 0.6435, 0.6541],
        [0.9594, 0.8945, 0.6587, 1.0000, 0.9490, 0.6450],
        [0.9641, 0.8415, 0.6435, 0.9490, 1.0000, 0.5833],
        [0.5566, 0.6874, 0.6541, 0.6450, 0.5833, 1.0000]])
average client similarity
tensor([[1.0000, 0.7823, 0.7650, 0.7927, 0.8279, 0.7799],
        [0.7823, 1.0000, 0.7632, 0.7798, 0.7969, 0.7662],
        [0.7650, 0.7632, 1.0000, 0.7586, 0.7867, 0.8053],
        [0.7927, 0.7798, 0.7586, 1.0000, 0.7866, 0.7892],
        [0.8279, 0.7969, 0.7867, 0.7866, 1.0000, 0.7940],
        [0.7799, 0.7662, 0.8053, 0.7892, 0.7940, 1.0000]])
average embedding similarity
tensor([[1.0000, 0.9571, 0.5250, 0.7731, 0.9729, 0.9695],
        [0.9571, 1.0000, 0.5217, 0.7106, 0.9574, 0.9765],
        [0.5250, 0.5217, 1.0000, 0.5722, 0.5065, 0.5162],
        [0.7731, 0.7106, 0.5722, 1.0000, 0.7651, 0.7543],
        [0.9729, 0.9574, 0.5065, 0.7651, 1.0000, 0.9867],
        [0.9695, 0.9765, 0.5162, 0.7543, 0.9867, 1.0000]])
average client similarity
tensor([[1.0000, 0.7519, 0.7752, 0.7662, 0.7815, 0.7875],
        [0.7519, 1.0000, 0.7481, 0.7504, 0.7521, 0.7528],
        [0.7752, 0.7481, 1.0000, 0.7361, 0.7434, 0.7942],
        [0.7662, 0.7504, 0.7361, 1.0000, 0.7865, 0.7690],
        [0.7815, 0.7521, 0.7434, 0.7865, 1.0000, 0.7897],
        [0.7875, 0.7528, 0.7942, 0.7690, 0.7897, 1.0000]])
average embedding similarity
tensor([[1.0000, 0.7826, 0.9204, 0.4100, 0.6403, 0.9390],
        [0.7826, 1.0000, 0.7238, 0.5940, 0.7226, 0.7198],
        [0.9204, 0.7238, 1.0000, 0.3779, 0.5961, 0.9598],
        [0.4100, 0.5940, 0.3779, 1.0000, 0.7529, 0.3458],
        [0.6403, 0.7226, 0.5961, 0.7529, 1.0000, 0.5799],
        [0.9390, 0.7198, 0.9598, 0.3458, 0.5799, 1.0000]])
average client similarity
tensor([[1.0000, 0.7946, 0.7966, 0.7562, 0.7813, 0.7861],
        [0.7946, 1.0000, 0.7551, 0.7486, 0.7593, 0.7752],
        [0.7966, 0.7551, 1.0000, 0.7364, 0.7562, 0.7546],
        [0.7562, 0.7486, 0.7364, 1.0000, 0.7404, 0.7482],
        [0.7813, 0.7593, 0.7562, 0.7404, 1.0000, 0.7447],
        [0.7861, 0.7752, 0.7546, 0.7482, 0.7447, 1.0000]])
average embedding similarity
tensor([[1.0000, 0.9162, 0.9383, 0.6290, 0.8113, 0.9041],
        [0.9162, 1.0000, 0.9486, 0.6590, 0.8424, 0.9266],
        [0.9383, 0.9486, 1.0000, 0.6315, 0.8906, 0.9547],
        [0.6290, 0.6590, 0.6315, 1.0000, 0.7122, 0.6552],
        [0.8113, 0.8424, 0.8906, 0.7122, 1.0000, 0.8736],
        [0.9041, 0.9266, 0.9547, 0.6552, 0.8736, 1.0000]])
NCI1_Selftraining_sim_200
               best_test_acc  final_test_acc  final_best_test_acc
0-NCI1-normal       0.751825        0.713869             0.718248
1-NCI1-normal       0.731387        0.677372             0.677372
2-NCI1-normal       0.729927        0.691971             0.697810
3-NCI1-normal       0.743066        0.700730             0.715328
4-NCI1-normal       0.745985        0.718248             0.724088
5-NCI1-normal       0.750365        0.718248             0.737226
mean                0.742092        0.703406             0.711679
std                 0.019235        0.022778             0.016822
Done

Done setting up devices.
NCI1_FedAvg_sim_200
               best_test_acc  final_test_acc  final_best_test_acc
0-NCI1-normal       0.754745        0.734307             0.743066
1-NCI1-normal       0.743066        0.706569             0.718248
2-NCI1-normal       0.743066        0.725547             0.732847
3-NCI1-normal       0.779562        0.751825             0.764964
4-NCI1-normal       0.759124        0.725547             0.735766
5-NCI1-normal       0.716788        0.694891             0.694891
mean                0.749392        0.723114             0.731630
std                 0.012525        0.011910             0.012819
Done

Done setting up devices.
average client graph
tensor([[0.1667, 0.1667, 0.1667, 0.1667, 0.1667, 0.1667],
        [0.1667, 0.1667, 0.1667, 0.1667, 0.1667, 0.1667],
        [0.1667, 0.1667, 0.1667, 0.1667, 0.1667, 0.1667],
        [0.1667, 0.1667, 0.1667, 0.1667, 0.1667, 0.1667],
        [0.1667, 0.1667, 0.1667, 0.1667, 0.1667, 0.1667],
        [0.1667, 0.1667, 0.1667, 0.1667, 0.1667, 0.1667]])
NCI1_SFL_sim_200
               best_test_acc  final_test_acc  final_best_test_acc
0-NCI1-normal       0.741606        0.724088             0.734307
1-NCI1-normal       0.762044        0.748905             0.745985
2-NCI1-normal       0.750365        0.724088             0.735766
3-NCI1-normal       0.734307        0.706569             0.715328
4-NCI1-normal       0.753285        0.735766             0.731387
5-NCI1-normal       0.744526        0.719708             0.727007
mean                0.747689        0.726521             0.731630
std                 0.007907        0.012344             0.011032
Done

Done setting up devices.
average client similarity
tensor([[1.0000, 0.7939, 0.8378, 0.8355, 0.8189, 0.8043, 0.8056, 0.8330],
        [0.7939, 1.0000, 0.8190, 0.8115, 0.7961, 0.7948, 0.8085, 0.8221],
        [0.8378, 0.8190, 1.0000, 0.8125, 0.8382, 0.8339, 0.8251, 0.8425],
        [0.8355, 0.8115, 0.8125, 1.0000, 0.7944, 0.8113, 0.8122, 0.8503],
        [0.8189, 0.7961, 0.8382, 0.7944, 1.0000, 0.8150, 0.7991, 0.8141],
        [0.8043, 0.7948, 0.8339, 0.8113, 0.8150, 1.0000, 0.8312, 0.8168],
        [0.8056, 0.8085, 0.8251, 0.8122, 0.7991, 0.8312, 1.0000, 0.8308],
        [0.8330, 0.8221, 0.8425, 0.8503, 0.8141, 0.8168, 0.8308, 1.0000]])
average embedding similarity
tensor([[1.0000, 0.6655, 0.6806, 0.6995, 0.7884, 0.7194, 0.6366, 0.6613],
        [0.6655, 1.0000, 0.9288, 0.9260, 0.5828, 0.8340, 0.9250, 0.9542],
        [0.6806, 0.9288, 1.0000, 0.9842, 0.6175, 0.8854, 0.9366, 0.9650],
        [0.6995, 0.9260, 0.9842, 1.0000, 0.6437, 0.9162, 0.9418, 0.9687],
        [0.7884, 0.5828, 0.6175, 0.6437, 1.0000, 0.7068, 0.5704, 0.5970],
        [0.7194, 0.8340, 0.8854, 0.9162, 0.7068, 1.0000, 0.8824, 0.9060],
        [0.6366, 0.9250, 0.9366, 0.9418, 0.5704, 0.8824, 1.0000, 0.9746],
        [0.6613, 0.9542, 0.9650, 0.9687, 0.5970, 0.9060, 0.9746, 1.0000]])
average client similarity
tensor([[1.0000, 0.7996, 0.8052, 0.8029, 0.7899, 0.8204, 0.8329, 0.8155],
        [0.7996, 1.0000, 0.7891, 0.8081, 0.8085, 0.8097, 0.8116, 0.8089],
        [0.8052, 0.7891, 1.0000, 0.8007, 0.8046, 0.8104, 0.8132, 0.8103],
        [0.8029, 0.8081, 0.8007, 1.0000, 0.8177, 0.8220, 0.8581, 0.8208],
        [0.7899, 0.8085, 0.8046, 0.8177, 1.0000, 0.8102, 0.8065, 0.8399],
        [0.8204, 0.8097, 0.8104, 0.8220, 0.8102, 1.0000, 0.8491, 0.8469],
        [0.8329, 0.8116, 0.8132, 0.8581, 0.8065, 0.8491, 1.0000, 0.8398],
        [0.8155, 0.8089, 0.8103, 0.8208, 0.8399, 0.8469, 0.8398, 1.0000]])
average embedding similarity
tensor([[1.0000, 0.6315, 0.7401, 0.6429, 0.7440, 0.5652, 0.6353, 0.6359],
        [0.6315, 1.0000, 0.8434, 0.9379, 0.8220, 0.8075, 0.9384, 0.9834],
        [0.7401, 0.8434, 1.0000, 0.8688, 0.8578, 0.7275, 0.8866, 0.8422],
        [0.6429, 0.9379, 0.8688, 1.0000, 0.8680, 0.7987, 0.9384, 0.9567],
        [0.7440, 0.8220, 0.8578, 0.8680, 1.0000, 0.6769, 0.8130, 0.8385],
        [0.5652, 0.8075, 0.7275, 0.7987, 0.6769, 1.0000, 0.8252, 0.8038],
        [0.6353, 0.9384, 0.8866, 0.9384, 0.8130, 0.8252, 1.0000, 0.9262],
        [0.6359, 0.9834, 0.8422, 0.9567, 0.8385, 0.8038, 0.9262, 1.0000]])
average client similarity
tensor([[1.0000, 0.7825, 0.8208, 0.8073, 0.8168, 0.8186, 0.8273, 0.8046],
        [0.7825, 1.0000, 0.7875, 0.8097, 0.7926, 0.7974, 0.7976, 0.7967],
        [0.8208, 0.7875, 1.0000, 0.8010, 0.8066, 0.7875, 0.8065, 0.8102],
        [0.8073, 0.8097, 0.8010, 1.0000, 0.8248, 0.8264, 0.8205, 0.8011],
        [0.8168, 0.7926, 0.8066, 0.8248, 1.0000, 0.7990, 0.8148, 0.8146],
        [0.8186, 0.7974, 0.7875, 0.8264, 0.7990, 1.0000, 0.8165, 0.8109],
        [0.8273, 0.7976, 0.8065, 0.8205, 0.8148, 0.8165, 1.0000, 0.8338],
        [0.8046, 0.7967, 0.8102, 0.8011, 0.8146, 0.8109, 0.8338, 1.0000]])
average embedding similarity
tensor([[1.0000, 0.9506, 0.6896, 0.9402, 0.9416, 0.8952, 0.7374, 0.9390],
        [0.9506, 1.0000, 0.6490, 0.9432, 0.9382, 0.8569, 0.6745, 0.9532],
        [0.6896, 0.6490, 1.0000, 0.6970, 0.6976, 0.7260, 0.8779, 0.7017],
        [0.9402, 0.9432, 0.6970, 1.0000, 0.9301, 0.8988, 0.7236, 0.9830],
        [0.9416, 0.9382, 0.6976, 0.9301, 1.0000, 0.8745, 0.7397, 0.9335],
        [0.8952, 0.8569, 0.7260, 0.8988, 0.8745, 1.0000, 0.7837, 0.9011],
        [0.7374, 0.6745, 0.8779, 0.7236, 0.7397, 0.7837, 1.0000, 0.7275],
        [0.9390, 0.9532, 0.7017, 0.9830, 0.9335, 0.9011, 0.7275, 1.0000]])
average client similarity
tensor([[1.0000, 0.7962, 0.8278, 0.7920, 0.8159, 0.8080, 0.7923, 0.8059],
        [0.7962, 1.0000, 0.8084, 0.8374, 0.8003, 0.8090, 0.7992, 0.8053],
        [0.8278, 0.8084, 1.0000, 0.8019, 0.8146, 0.7880, 0.8081, 0.8426],
        [0.7920, 0.8374, 0.8019, 1.0000, 0.7996, 0.8112, 0.7902, 0.8215],
        [0.8159, 0.8003, 0.8146, 0.7996, 1.0000, 0.8056, 0.7948, 0.8197],
        [0.8080, 0.8090, 0.7880, 0.8112, 0.8056, 1.0000, 0.7910, 0.8068],
        [0.7923, 0.7992, 0.8081, 0.7902, 0.7948, 0.7910, 1.0000, 0.8267],
        [0.8059, 0.8053, 0.8426, 0.8215, 0.8197, 0.8068, 0.8267, 1.0000]])
average embedding similarity
tensor([[1.0000, 0.8965, 0.8850, 0.9516, 0.8103, 0.8518, 0.8726, 0.9566],
        [0.8965, 1.0000, 0.9327, 0.9170, 0.7821, 0.7570, 0.9028, 0.9574],
        [0.8850, 0.9327, 1.0000, 0.8653, 0.7496, 0.7896, 0.9300, 0.9319],
        [0.9516, 0.9170, 0.8653, 1.0000, 0.7681, 0.7978, 0.8327, 0.9316],
        [0.8103, 0.7821, 0.7496, 0.7681, 1.0000, 0.6468, 0.7699, 0.8242],
        [0.8518, 0.7570, 0.7896, 0.7978, 0.6468, 1.0000, 0.8063, 0.8199],
        [0.8726, 0.9028, 0.9300, 0.8327, 0.7699, 0.8063, 1.0000, 0.9113],
        [0.9566, 0.9574, 0.9319, 0.9316, 0.8242, 0.8199, 0.9113, 1.0000]])
average client similarity
tensor([[1.0000, 0.8034, 0.8142, 0.8299, 0.8176, 0.8071, 0.8328, 0.8364],
        [0.8034, 1.0000, 0.8196, 0.8324, 0.8093, 0.8161, 0.8061, 0.8118],
        [0.8142, 0.8196, 1.0000, 0.8245, 0.8170, 0.8243, 0.8340, 0.8241],
        [0.8299, 0.8324, 0.8245, 1.0000, 0.8267, 0.8471, 0.8523, 0.8522],
        [0.8176, 0.8093, 0.8170, 0.8267, 1.0000, 0.8078, 0.8223, 0.8472],
        [0.8071, 0.8161, 0.8243, 0.8471, 0.8078, 1.0000, 0.8322, 0.8314],
        [0.8328, 0.8061, 0.8340, 0.8523, 0.8223, 0.8322, 1.0000, 0.8339],
        [0.8364, 0.8118, 0.8241, 0.8522, 0.8472, 0.8314, 0.8339, 1.0000]])
average embedding similarity
tensor([[1.0000, 0.9142, 0.9213, 0.9935, 0.8460, 0.9392, 0.9536, 0.9731],
        [0.9142, 1.0000, 0.9486, 0.9409, 0.8523, 0.9560, 0.9647, 0.9483],
        [0.9213, 0.9486, 1.0000, 0.9359, 0.8305, 0.9561, 0.9572, 0.9473],
        [0.9935, 0.9409, 0.9359, 1.0000, 0.8584, 0.9514, 0.9674, 0.9815],
        [0.8460, 0.8523, 0.8305, 0.8584, 1.0000, 0.8778, 0.8800, 0.8680],
        [0.9392, 0.9560, 0.9561, 0.9514, 0.8778, 1.0000, 0.9846, 0.9698],
        [0.9536, 0.9647, 0.9572, 0.9674, 0.8800, 0.9846, 1.0000, 0.9815],
        [0.9731, 0.9483, 0.9473, 0.9815, 0.8680, 0.9698, 0.9815, 1.0000]])
NCI1_Selftraining_sim_200
               best_test_acc  final_test_acc  final_best_test_acc
0-NCI1-normal       0.745098        0.673177             0.694575
1-NCI1-normal       0.754902        0.692633             0.729640
2-NCI1-normal       0.690691        0.659566             0.659547
3-NCI1-normal       0.752351        0.709328             0.722958
4-NCI1-normal       0.737464        0.692766             0.694689
5-NCI1-normal       0.752846        0.713897             0.723663
6-NCI1-normal       0.735294        0.680868             0.702208
7-NCI1-normal       0.734951        0.686122             0.690006
mean                0.737950        0.688545             0.702161
std                 0.009130        0.012482             0.011645
Done

Done setting up devices.
NCI1_FedAvg_sim_200
               best_test_acc  final_test_acc  final_best_test_acc
0-NCI1-normal       0.739387        0.712145             0.716048
1-NCI1-normal       0.741157        0.708148             0.719798
2-NCI1-normal       0.774338        0.725738             0.745136
3-NCI1-normal       0.772054        0.748696             0.758405
4-NCI1-normal       0.741100        0.706092             0.727489
5-NCI1-normal       0.754807        0.723720             0.735389
6-NCI1-normal       0.708091        0.663316             0.682753
7-NCI1-normal       0.748506        0.728974             0.717285
mean                0.747430        0.714604             0.725288
std                 0.019851        0.016476             0.017156
Done

Done setting up devices.
average client graph
tensor([[0.1250, 0.1250, 0.1250, 0.1250, 0.1250, 0.1250, 0.1250, 0.1250],
        [0.1250, 0.1250, 0.1250, 0.1250, 0.1250, 0.1250, 0.1250, 0.1250],
        [0.1250, 0.1250, 0.1250, 0.1250, 0.1250, 0.1250, 0.1250, 0.1250],
        [0.1250, 0.1250, 0.1250, 0.1250, 0.1250, 0.1250, 0.1250, 0.1250],
        [0.1250, 0.1250, 0.1250, 0.1250, 0.1250, 0.1250, 0.1250, 0.1250],
        [0.1250, 0.1250, 0.1250, 0.1250, 0.1250, 0.1250, 0.1250, 0.1250],
        [0.1250, 0.1250, 0.1250, 0.1250, 0.1250, 0.1250, 0.1250, 0.1250],
        [0.1250, 0.1250, 0.1250, 0.1250, 0.1250, 0.1250, 0.1250, 0.1250]])
NCI1_SFL_sim_200
               best_test_acc  final_test_acc  final_best_test_acc
0-NCI1-normal       0.760727        0.733505             0.752941
1-NCI1-normal       0.762612        0.725604             0.739235
2-NCI1-normal       0.750828        0.725547             0.741119
3-NCI1-normal       0.717304        0.691909             0.682220
4-NCI1-normal       0.760632        0.729507             0.743099
5-NCI1-normal       0.715820        0.702208             0.696383
6-NCI1-normal       0.762650        0.747059             0.735389
7-NCI1-normal       0.734799        0.705559             0.707558
mean                0.745672        0.720112             0.724743
std                 0.021902        0.023426             0.023005
Done

Done setting up devices.
average client similarity
tensor([[1.0000, 0.8228, 0.8595, 0.8501, 0.8302, 0.8310, 0.8570, 0.8415, 0.8657,
         0.8371],
        [0.8228, 1.0000, 0.8212, 0.8447, 0.8328, 0.8240, 0.8323, 0.8300, 0.8290,
         0.8350],
        [0.8595, 0.8212, 1.0000, 0.8514, 0.8324, 0.8477, 0.8599, 0.8489, 0.8631,
         0.8273],
        [0.8501, 0.8447, 0.8514, 1.0000, 0.8536, 0.8454, 0.8471, 0.8546, 0.8718,
         0.8341],
        [0.8302, 0.8328, 0.8324, 0.8536, 1.0000, 0.8317, 0.8504, 0.8390, 0.8440,
         0.8345],
        [0.8310, 0.8240, 0.8477, 0.8454, 0.8317, 1.0000, 0.8590, 0.8438, 0.8539,
         0.8420],
        [0.8570, 0.8323, 0.8599, 0.8471, 0.8504, 0.8590, 1.0000, 0.8448, 0.8518,
         0.8435],
        [0.8415, 0.8300, 0.8489, 0.8546, 0.8390, 0.8438, 0.8448, 1.0000, 0.8587,
         0.8314],
        [0.8657, 0.8290, 0.8631, 0.8718, 0.8440, 0.8539, 0.8518, 0.8587, 1.0000,
         0.8361],
        [0.8371, 0.8350, 0.8273, 0.8341, 0.8345, 0.8420, 0.8435, 0.8314, 0.8361,
         1.0000]])
average embedding similarity
tensor([[1.0000, 0.6554, 0.4458, 0.4962, 0.9704, 0.9858, 0.9230, 0.9707, 0.9807,
         0.5801],
        [0.6554, 1.0000, 0.4484, 0.4893, 0.7453, 0.6933, 0.6607, 0.6373, 0.6335,
         0.5465],
        [0.4458, 0.4484, 1.0000, 0.7224, 0.4424, 0.4426, 0.4325, 0.4470, 0.4256,
         0.7880],
        [0.4962, 0.4893, 0.7224, 1.0000, 0.4679, 0.5022, 0.4945, 0.5243, 0.4958,
         0.6345],
        [0.9704, 0.7453, 0.4424, 0.4679, 1.0000, 0.9744, 0.9073, 0.9326, 0.9602,
         0.5910],
        [0.9858, 0.6933, 0.4426, 0.5022, 0.9744, 1.0000, 0.9192, 0.9655, 0.9676,
         0.5844],
        [0.9230, 0.6607, 0.4325, 0.4945, 0.9073, 0.9192, 1.0000, 0.9524, 0.8856,
         0.6138],
        [0.9707, 0.6373, 0.4470, 0.5243, 0.9326, 0.9655, 0.9524, 1.0000, 0.9485,
         0.6027],
        [0.9807, 0.6335, 0.4256, 0.4958, 0.9602, 0.9676, 0.8856, 0.9485, 1.0000,
         0.5404],
        [0.5801, 0.5465, 0.7880, 0.6345, 0.5910, 0.5844, 0.6138, 0.6027, 0.5404,
         1.0000]])
average client similarity
tensor([[1.0000, 0.8218, 0.8228, 0.8201, 0.8269, 0.8205, 0.8147, 0.8339, 0.8439,
         0.8207],
        [0.8218, 1.0000, 0.8276, 0.8086, 0.8284, 0.8169, 0.8168, 0.8268, 0.8357,
         0.8235],
        [0.8228, 0.8276, 1.0000, 0.8115, 0.8429, 0.8151, 0.8047, 0.8415, 0.8194,
         0.8284],
        [0.8201, 0.8086, 0.8115, 1.0000, 0.8500, 0.8333, 0.8374, 0.8225, 0.8195,
         0.8410],
        [0.8269, 0.8284, 0.8429, 0.8500, 1.0000, 0.8342, 0.8389, 0.8467, 0.8228,
         0.8487],
        [0.8205, 0.8169, 0.8151, 0.8333, 0.8342, 1.0000, 0.8481, 0.8326, 0.8366,
         0.8438],
        [0.8147, 0.8168, 0.8047, 0.8374, 0.8389, 0.8481, 1.0000, 0.8210, 0.8208,
         0.8385],
        [0.8339, 0.8268, 0.8415, 0.8225, 0.8467, 0.8326, 0.8210, 1.0000, 0.8542,
         0.8295],
        [0.8439, 0.8357, 0.8194, 0.8195, 0.8228, 0.8366, 0.8208, 0.8542, 1.0000,
         0.8170],
        [0.8207, 0.8235, 0.8284, 0.8410, 0.8487, 0.8438, 0.8385, 0.8295, 0.8170,
         1.0000]])
average embedding similarity
tensor([[1.0000, 0.7743, 0.6098, 0.4236, 0.9513, 0.9722, 0.6350, 0.9859, 0.9755,
         0.9328],
        [0.7743, 1.0000, 0.5883, 0.5106, 0.7403, 0.8086, 0.6430, 0.7907, 0.7848,
         0.7279],
        [0.6098, 0.5883, 1.0000, 0.7659, 0.6483, 0.5835, 0.9301, 0.6202, 0.5650,
         0.6612],
        [0.4236, 0.5106, 0.7659, 1.0000, 0.4386, 0.4024, 0.7933, 0.4344, 0.3887,
         0.4703],
        [0.9513, 0.7403, 0.6483, 0.4386, 1.0000, 0.9281, 0.6796, 0.9678, 0.8999,
         0.9647],
        [0.9722, 0.8086, 0.5835, 0.4024, 0.9281, 1.0000, 0.6010, 0.9679, 0.9740,
         0.9083],
        [0.6350, 0.6430, 0.9301, 0.7933, 0.6796, 0.6010, 1.0000, 0.6495, 0.5847,
         0.7023],
        [0.9859, 0.7907, 0.6202, 0.4344, 0.9678, 0.9679, 0.6495, 1.0000, 0.9582,
         0.9435],
        [0.9755, 0.7848, 0.5650, 0.3887, 0.8999, 0.9740, 0.5847, 0.9582, 1.0000,
         0.8827],
        [0.9328, 0.7279, 0.6612, 0.4703, 0.9647, 0.9083, 0.7023, 0.9435, 0.8827,
         1.0000]])
average client similarity
tensor([[1.0000, 0.8391, 0.8055, 0.8510, 0.8232, 0.8263, 0.8165, 0.8221, 0.8212,
         0.8429],
        [0.8391, 1.0000, 0.8225, 0.8419, 0.8297, 0.8389, 0.8578, 0.8319, 0.8566,
         0.8273],
        [0.8055, 0.8225, 1.0000, 0.8192, 0.8191, 0.8002, 0.8303, 0.8198, 0.8289,
         0.7937],
        [0.8510, 0.8419, 0.8192, 1.0000, 0.8412, 0.8567, 0.8353, 0.8408, 0.8792,
         0.8464],
        [0.8232, 0.8297, 0.8191, 0.8412, 1.0000, 0.8335, 0.8325, 0.8354, 0.8480,
         0.8407],
        [0.8263, 0.8389, 0.8002, 0.8567, 0.8335, 1.0000, 0.8338, 0.8274, 0.8558,
         0.8224],
        [0.8165, 0.8578, 0.8303, 0.8353, 0.8325, 0.8338, 1.0000, 0.8327, 0.8502,
         0.8168],
        [0.8221, 0.8319, 0.8198, 0.8408, 0.8354, 0.8274, 0.8327, 1.0000, 0.8548,
         0.8247],
        [0.8212, 0.8566, 0.8289, 0.8792, 0.8480, 0.8558, 0.8502, 0.8548, 1.0000,
         0.8276],
        [0.8429, 0.8273, 0.7937, 0.8464, 0.8407, 0.8224, 0.8168, 0.8247, 0.8276,
         1.0000]])
average embedding similarity
tensor([[1.0000, 0.6364, 0.6031, 0.7541, 0.6344, 0.9489, 0.7303, 0.4954, 0.9852,
         0.9896],
        [0.6364, 1.0000, 0.8471, 0.8155, 0.8286, 0.6428, 0.7872, 0.7999, 0.6675,
         0.6295],
        [0.6031, 0.8471, 1.0000, 0.8202, 0.8766, 0.5955, 0.8054, 0.7581, 0.6398,
         0.5923],
        [0.7541, 0.8155, 0.8202, 1.0000, 0.8656, 0.7049, 0.7754, 0.6689, 0.7850,
         0.7471],
        [0.6344, 0.8286, 0.8766, 0.8656, 1.0000, 0.6053, 0.7567, 0.7687, 0.6683,
         0.6289],
        [0.9489, 0.6428, 0.5955, 0.7049, 0.6053, 1.0000, 0.7289, 0.4959, 0.9424,
         0.9439],
        [0.7303, 0.7872, 0.8054, 0.7754, 0.7567, 0.7289, 1.0000, 0.6488, 0.7680,
         0.7149],
        [0.4954, 0.7999, 0.7581, 0.6689, 0.7687, 0.4959, 0.6488, 1.0000, 0.5327,
         0.4877],
        [0.9852, 0.6675, 0.6398, 0.7850, 0.6683, 0.9424, 0.7680, 0.5327, 1.0000,
         0.9816],
        [0.9896, 0.6295, 0.5923, 0.7471, 0.6289, 0.9439, 0.7149, 0.4877, 0.9816,
         1.0000]])
average client similarity
tensor([[1.0000, 0.8153, 0.8234, 0.8530, 0.8443, 0.8563, 0.8291, 0.8457, 0.8697,
         0.8384],
        [0.8153, 1.0000, 0.8118, 0.8079, 0.8258, 0.8275, 0.7985, 0.8159, 0.8232,
         0.8098],
        [0.8234, 0.8118, 1.0000, 0.8419, 0.8105, 0.8252, 0.8017, 0.8252, 0.8300,
         0.7969],
        [0.8530, 0.8079, 0.8419, 1.0000, 0.8302, 0.8363, 0.8234, 0.8390, 0.8590,
         0.8248],
        [0.8443, 0.8258, 0.8105, 0.8302, 1.0000, 0.8521, 0.8563, 0.8344, 0.8493,
         0.8291],
        [0.8563, 0.8275, 0.8252, 0.8363, 0.8521, 1.0000, 0.8370, 0.8373, 0.8498,
         0.8364],
        [0.8291, 0.7985, 0.8017, 0.8234, 0.8563, 0.8370, 1.0000, 0.8294, 0.8358,
         0.8296],
        [0.8457, 0.8159, 0.8252, 0.8390, 0.8344, 0.8373, 0.8294, 1.0000, 0.8478,
         0.8275],
        [0.8697, 0.8232, 0.8300, 0.8590, 0.8493, 0.8498, 0.8358, 0.8478, 1.0000,
         0.8217],
        [0.8384, 0.8098, 0.7969, 0.8248, 0.8291, 0.8364, 0.8296, 0.8275, 0.8217,
         1.0000]])
average embedding similarity
tensor([[1.0000, 0.8460, 0.5827, 0.3542, 0.8967, 0.9537, 0.3803, 0.8610, 0.9768,
         0.7088],
        [0.8460, 1.0000, 0.5795, 0.3591, 0.8482, 0.9079, 0.3191, 0.6739, 0.8873,
         0.7189],
        [0.5827, 0.5795, 1.0000, 0.7113, 0.6177, 0.5973, 0.6308, 0.6368, 0.6241,
         0.5946],
        [0.3542, 0.3591, 0.7113, 1.0000, 0.3804, 0.3472, 0.7479, 0.3928, 0.3620,
         0.5557],
        [0.8967, 0.8482, 0.6177, 0.3804, 1.0000, 0.8619, 0.4740, 0.7900, 0.9025,
         0.7307],
        [0.9537, 0.9079, 0.5973, 0.3472, 0.8619, 1.0000, 0.3005, 0.7954, 0.9684,
         0.6771],
        [0.3803, 0.3191, 0.6308, 0.7479, 0.4740, 0.3005, 1.0000, 0.4526, 0.3723,
         0.5622],
        [0.8610, 0.6739, 0.6368, 0.3928, 0.7900, 0.7954, 0.4526, 1.0000, 0.8618,
         0.5753],
        [0.9768, 0.8873, 0.6241, 0.3620, 0.9025, 0.9684, 0.3723, 0.8618, 1.0000,
         0.7057],
        [0.7088, 0.7189, 0.5946, 0.5557, 0.7307, 0.6771, 0.5622, 0.5753, 0.7057,
         1.0000]])
average client similarity
tensor([[1.0000, 0.8347, 0.8321, 0.8491, 0.8335, 0.8524, 0.8256, 0.8219, 0.8299,
         0.8388],
        [0.8347, 1.0000, 0.8475, 0.8419, 0.8365, 0.8556, 0.8382, 0.8470, 0.8541,
         0.8377],
        [0.8321, 0.8475, 1.0000, 0.8449, 0.8345, 0.8430, 0.8317, 0.8470, 0.8600,
         0.8257],
        [0.8491, 0.8419, 0.8449, 1.0000, 0.8290, 0.8312, 0.8461, 0.8492, 0.8429,
         0.8357],
        [0.8335, 0.8365, 0.8345, 0.8290, 1.0000, 0.8160, 0.8204, 0.8291, 0.8237,
         0.8251],
        [0.8524, 0.8556, 0.8430, 0.8312, 0.8160, 1.0000, 0.8295, 0.8345, 0.8511,
         0.8578],
        [0.8256, 0.8382, 0.8317, 0.8461, 0.8204, 0.8295, 1.0000, 0.8402, 0.8517,
         0.8341],
        [0.8219, 0.8470, 0.8470, 0.8492, 0.8291, 0.8345, 0.8402, 1.0000, 0.8606,
         0.8188],
        [0.8299, 0.8541, 0.8600, 0.8429, 0.8237, 0.8511, 0.8517, 0.8606, 1.0000,
         0.8272],
        [0.8388, 0.8377, 0.8257, 0.8357, 0.8251, 0.8578, 0.8341, 0.8188, 0.8272,
         1.0000]])
average embedding similarity
tensor([[1.0000, 0.9244, 0.6990, 0.9443, 0.9349, 0.9780, 0.5342, 0.6823, 0.9507,
         0.8129],
        [0.9244, 1.0000, 0.7345, 0.9164, 0.9193, 0.9559, 0.5499, 0.7120, 0.9484,
         0.8387],
        [0.6990, 0.7345, 1.0000, 0.7475, 0.6680, 0.7061, 0.7427, 0.8505, 0.7060,
         0.7187],
        [0.9443, 0.9164, 0.7475, 1.0000, 0.9057, 0.9456, 0.5928, 0.7565, 0.9280,
         0.8283],
        [0.9349, 0.9193, 0.6680, 0.9057, 1.0000, 0.9255, 0.6205, 0.6716, 0.9090,
         0.8513],
        [0.9780, 0.9559, 0.7061, 0.9456, 0.9255, 1.0000, 0.5032, 0.6680, 0.9692,
         0.8203],
        [0.5342, 0.5499, 0.7427, 0.5928, 0.6205, 0.5032, 1.0000, 0.7703, 0.4791,
         0.6995],
        [0.6823, 0.7120, 0.8505, 0.7565, 0.6716, 0.6680, 0.7703, 1.0000, 0.6864,
         0.7357],
        [0.9507, 0.9484, 0.7060, 0.9280, 0.9090, 0.9692, 0.4791, 0.6864, 1.0000,
         0.7732],
        [0.8129, 0.8387, 0.7187, 0.8283, 0.8513, 0.8203, 0.6995, 0.7357, 0.7732,
         1.0000]])
NCI1_Selftraining_sim_200
               best_test_acc  final_test_acc  final_best_test_acc
0-NCI1-normal       0.754393        0.710579             0.700793
1-NCI1-normal       0.734910        0.683779             0.691184
2-NCI1-normal       0.732295        0.690832             0.683603
3-NCI1-normal       0.771408        0.715516             0.737438
4-NCI1-normal       0.720217        0.639994             0.676374
5-NCI1-normal       0.744578        0.708081             0.681222
6-NCI1-normal       0.715192        0.681105             0.656803
7-NCI1-normal       0.749339        0.678842             0.695915
8-NCI1-normal       0.756656        0.705554             0.720129
9-NCI1-normal       0.734734        0.673847             0.695798
mean                0.741372        0.688813             0.693926
std                 0.010179        0.010747             0.010018
Done

Done setting up devices.
NCI1_FedAvg_sim_200
               best_test_acc  final_test_acc  final_best_test_acc
0-NCI1-normal       0.729974        0.703174             0.705613
1-NCI1-normal       0.800411        0.780958             0.778490
2-NCI1-normal       0.751895        0.717837             0.725154
3-NCI1-normal       0.729974        0.700764             0.705613
4-NCI1-normal       0.737173        0.700646             0.703056
5-NCI1-normal       0.710373        0.686012             0.700617
6-NCI1-normal       0.758948        0.737085             0.749192
7-NCI1-normal       0.739524        0.688334             0.702968
8-NCI1-normal       0.754187        0.717690             0.720159
9-NCI1-normal       0.780987        0.751719             0.749368
mean                0.749345        0.718422             0.724023
std                 0.016059        0.018192             0.017268
Done

Done setting up devices.
average client graph
tensor([[0.1000, 0.1000, 0.1000, 0.1000, 0.1000, 0.1000, 0.1000, 0.1000, 0.1000,
         0.1000],
        [0.1000, 0.1000, 0.1000, 0.1000, 0.1000, 0.1000, 0.1000, 0.1000, 0.1000,
         0.1000],
        [0.1000, 0.1000, 0.1000, 0.1000, 0.1000, 0.1000, 0.1000, 0.1000, 0.1000,
         0.1000],
        [0.1000, 0.1000, 0.1000, 0.1000, 0.1000, 0.1000, 0.1000, 0.1000, 0.1000,
         0.1000],
        [0.1000, 0.1000, 0.1000, 0.1000, 0.1000, 0.1000, 0.1000, 0.1000, 0.1000,
         0.1000],
        [0.1000, 0.1000, 0.1000, 0.1000, 0.1000, 0.1000, 0.1000, 0.1000, 0.1000,
         0.1000],
        [0.1000, 0.1000, 0.1000, 0.1000, 0.1000, 0.1000, 0.1000, 0.1000, 0.1000,
         0.1000],
        [0.1000, 0.1000, 0.1000, 0.1000, 0.1000, 0.1000, 0.1000, 0.1000, 0.1000,
         0.1000],
        [0.1000, 0.1000, 0.1000, 0.1000, 0.1000, 0.1000, 0.1000, 0.1000, 0.1000,
         0.1000],
        [0.1000, 0.1000, 0.1000, 0.1000, 0.1000, 0.1000, 0.1000, 0.1000, 0.1000,
         0.1000]])
NCI1_SFL_sim_200
               best_test_acc  final_test_acc  final_best_test_acc
0-NCI1-normal       0.752072        0.725301             0.730150
1-NCI1-normal       0.749456        0.695974             0.710550
2-NCI1-normal       0.732295        0.705466             0.710403
3-NCI1-normal       0.751602        0.727329             0.732207
4-NCI1-normal       0.732324        0.700646             0.710432
5-NCI1-normal       0.749398        0.725154             0.717778
6-NCI1-normal       0.724919        0.695680             0.702968
7-NCI1-normal       0.746900        0.720129             0.720071
8-NCI1-normal       0.761622        0.732442             0.732442
9-NCI1-normal       0.776168        0.744578             0.763973
mean                0.747676        0.717270             0.723097
std                 0.005821        0.003278             0.004952
Done

Done setting up devices.
average client similarity
tensor([[1.0000, 0.8864, 0.8723, 0.8856, 0.8777, 0.8998, 0.8832, 0.8856, 0.8884,
         0.8933, 0.8739, 0.8801],
        [0.8864, 1.0000, 0.8796, 0.8721, 0.8865, 0.8940, 0.9039, 0.8823, 0.9053,
         0.8964, 0.8851, 0.9021],
        [0.8723, 0.8796, 1.0000, 0.8832, 0.8758, 0.8867, 0.8741, 0.8620, 0.8909,
         0.8969, 0.8721, 0.9027],
        [0.8856, 0.8721, 0.8832, 1.0000, 0.8666, 0.8979, 0.8721, 0.8933, 0.8692,
         0.9013, 0.8790, 0.8930],
        [0.8777, 0.8865, 0.8758, 0.8666, 1.0000, 0.8838, 0.8894, 0.8691, 0.8814,
         0.8920, 0.8712, 0.8938],
        [0.8998, 0.8940, 0.8867, 0.8979, 0.8838, 1.0000, 0.8969, 0.8871, 0.8992,
         0.9183, 0.8831, 0.8919],
        [0.8832, 0.9039, 0.8741, 0.8721, 0.8894, 0.8969, 1.0000, 0.8807, 0.9061,
         0.8843, 0.8965, 0.8929],
        [0.8856, 0.8823, 0.8620, 0.8933, 0.8691, 0.8871, 0.8807, 1.0000, 0.8818,
         0.8844, 0.8813, 0.8737],
        [0.8884, 0.9053, 0.8909, 0.8692, 0.8814, 0.8992, 0.9061, 0.8818, 1.0000,
         0.8899, 0.8866, 0.8868],
        [0.8933, 0.8964, 0.8969, 0.9013, 0.8920, 0.9183, 0.8843, 0.8844, 0.8899,
         1.0000, 0.8752, 0.9071],
        [0.8739, 0.8851, 0.8721, 0.8790, 0.8712, 0.8831, 0.8965, 0.8813, 0.8866,
         0.8752, 1.0000, 0.8963],
        [0.8801, 0.9021, 0.9027, 0.8930, 0.8938, 0.8919, 0.8929, 0.8737, 0.8868,
         0.9071, 0.8963, 1.0000]])
average embedding similarity
tensor([[1.0000, 0.8301, 0.9402, 0.9736, 0.9713, 0.8232, 0.9503, 0.9500, 0.7001,
         0.8426, 0.9607, 0.9635],
        [0.8301, 1.0000, 0.8513, 0.8296, 0.8636, 0.9499, 0.8574, 0.7726, 0.8100,
         0.9287, 0.7853, 0.8193],
        [0.9402, 0.8513, 1.0000, 0.9764, 0.9426, 0.8621, 0.9518, 0.9048, 0.7139,
         0.8957, 0.9091, 0.9431],
        [0.9736, 0.8296, 0.9764, 1.0000, 0.9691, 0.8403, 0.9574, 0.9428, 0.6883,
         0.8615, 0.9495, 0.9753],
        [0.9713, 0.8636, 0.9426, 0.9691, 1.0000, 0.8473, 0.9570, 0.9374, 0.7171,
         0.8787, 0.9521, 0.9714],
        [0.8232, 0.9499, 0.8621, 0.8403, 0.8473, 1.0000, 0.8800, 0.7903, 0.7820,
         0.9418, 0.8034, 0.8201],
        [0.9503, 0.8574, 0.9518, 0.9574, 0.9570, 0.8800, 1.0000, 0.9452, 0.7098,
         0.8845, 0.9611, 0.9576],
        [0.9500, 0.7726, 0.9048, 0.9428, 0.9374, 0.7903, 0.9452, 1.0000, 0.6431,
         0.7837, 0.9909, 0.9691],
        [0.7001, 0.8100, 0.7139, 0.6883, 0.7171, 0.7820, 0.7098, 0.6431, 1.0000,
         0.7612, 0.6528, 0.6808],
        [0.8426, 0.9287, 0.8957, 0.8615, 0.8787, 0.9418, 0.8845, 0.7837, 0.7612,
         1.0000, 0.7949, 0.8413],
        [0.9607, 0.7853, 0.9091, 0.9495, 0.9521, 0.8034, 0.9611, 0.9909, 0.6528,
         0.7949, 1.0000, 0.9722],
        [0.9635, 0.8193, 0.9431, 0.9753, 0.9714, 0.8201, 0.9576, 0.9691, 0.6808,
         0.8413, 0.9722, 1.0000]])
average client similarity
tensor([[1.0000, 0.8793, 0.9003, 0.8871, 0.8708, 0.8686, 0.9026, 0.8769, 0.8781,
         0.8940, 0.8850, 0.8894],
        [0.8793, 1.0000, 0.8884, 0.8705, 0.8663, 0.8738, 0.8904, 0.8596, 0.8541,
         0.8781, 0.8880, 0.8848],
        [0.9003, 0.8884, 1.0000, 0.8886, 0.8712, 0.8839, 0.8887, 0.8781, 0.8588,
         0.8895, 0.8744, 0.9083],
        [0.8871, 0.8705, 0.8886, 1.0000, 0.8714, 0.8581, 0.8659, 0.8779, 0.8501,
         0.8731, 0.8584, 0.8684],
        [0.8708, 0.8663, 0.8712, 0.8714, 1.0000, 0.8611, 0.8769, 0.8739, 0.8671,
         0.8805, 0.8694, 0.8682],
        [0.8686, 0.8738, 0.8839, 0.8581, 0.8611, 1.0000, 0.8846, 0.8543, 0.8563,
         0.8830, 0.8645, 0.8725],
        [0.9026, 0.8904, 0.8887, 0.8659, 0.8769, 0.8846, 1.0000, 0.8762, 0.8774,
         0.8995, 0.9029, 0.8895],
        [0.8769, 0.8596, 0.8781, 0.8779, 0.8739, 0.8543, 0.8762, 1.0000, 0.8547,
         0.8735, 0.8758, 0.8581],
        [0.8781, 0.8541, 0.8588, 0.8501, 0.8671, 0.8563, 0.8774, 0.8547, 1.0000,
         0.8627, 0.8643, 0.8465],
        [0.8940, 0.8781, 0.8895, 0.8731, 0.8805, 0.8830, 0.8995, 0.8735, 0.8627,
         1.0000, 0.8770, 0.8843],
        [0.8850, 0.8880, 0.8744, 0.8584, 0.8694, 0.8645, 0.9029, 0.8758, 0.8643,
         0.8770, 1.0000, 0.8767],
        [0.8894, 0.8848, 0.9083, 0.8684, 0.8682, 0.8725, 0.8895, 0.8581, 0.8465,
         0.8843, 0.8767, 1.0000]])
average embedding similarity
tensor([[1.0000, 0.7210, 0.8619, 0.7700, 0.5144, 0.4695, 0.8915, 0.8701, 0.8742,
         0.8628, 0.8899, 0.8581],
        [0.7210, 1.0000, 0.7379, 0.6294, 0.7101, 0.6849, 0.6907, 0.6472, 0.7281,
         0.7971, 0.6649, 0.7318],
        [0.8619, 0.7379, 1.0000, 0.9016, 0.5033, 0.4676, 0.9430, 0.9133, 0.9342,
         0.8562, 0.9402, 0.9593],
        [0.7700, 0.6294, 0.9016, 1.0000, 0.3653, 0.3310, 0.8627, 0.9026, 0.8101,
         0.7481, 0.9028, 0.9054],
        [0.5144, 0.7101, 0.5033, 0.3653, 1.0000, 0.8590, 0.4397, 0.3847, 0.5191,
         0.5798, 0.4104, 0.4591],
        [0.4695, 0.6849, 0.4676, 0.3310, 0.8590, 1.0000, 0.4233, 0.3649, 0.4851,
         0.5155, 0.3887, 0.4395],
