Output Path: ./outputs/seqLen10/multiDS-nonOverlap/NCI1/eps_0.01_0.1
Preparing data (original features) ...
Done

Done setting up devices.
average client similarity
tensor([[1.0000, 0.6055],
        [0.6055, 1.0000]])
average embedding similarity
tensor([[1.0000, 0.8409],
        [0.8409, 1.0000]])
average client similarity
tensor([[1.0000, 0.6243],
        [0.6243, 1.0000]])
average embedding similarity
tensor([[1.0000, 0.8108],
        [0.8108, 1.0000]])
average client similarity
tensor([[1.0000, 0.5826],
        [0.5826, 1.0000]])
average embedding similarity
tensor([[1.0000, 0.8434],
        [0.8434, 1.0000]])
average client similarity
tensor([[1.0000, 0.6106],
        [0.6106, 1.0000]])
average embedding similarity
tensor([[1.0000, 0.9479],
        [0.9479, 1.0000]])
average client similarity
tensor([[1.0000, 0.5959],
        [0.5959, 1.0000]])
average embedding similarity
tensor([[1.0000, 0.6720],
        [0.6720, 1.0000]])
NCI1_Selftraining_sim_200
               best_test_acc  final_test_acc  final_best_test_acc
0-NCI1-normal       0.789294        0.769830             0.778102
1-NCI1-normal       0.763504        0.745985             0.750365
mean                0.776399        0.757908             0.764234
std                 0.015606        0.014599             0.017936
Done

Done setting up devices.
NCI1_FedAvg_sim_200
               best_test_acc  final_test_acc  final_best_test_acc
0-NCI1-normal       0.761071        0.735280             0.755231
1-NCI1-normal       0.744526        0.727007             0.727494
mean                0.752798        0.731144             0.741363
std                 0.012815        0.011229             0.013071
Done

Done setting up devices.
average client graph
tensor([[0.5000, 0.5000],
        [0.5000, 0.5000]])
NCI1_SFL_sim_200
               best_test_acc  final_test_acc  final_best_test_acc
0-NCI1-normal       0.746959        0.733820             0.738686
1-NCI1-normal       0.751825        0.739659             0.748418
mean                0.749392        0.736740             0.743552
std                 0.010772        0.015496             0.012004
Done

Done setting up devices.
average client similarity
tensor([[1.0000, 0.7202, 0.6935, 0.6861],
        [0.7202, 1.0000, 0.6940, 0.6750],
        [0.6935, 0.6940, 1.0000, 0.7493],
        [0.6861, 0.6750, 0.7493, 1.0000]])
average embedding similarity
tensor([[1.0000, 0.1595, 0.7865, 0.7661],
        [0.1595, 1.0000, 0.3337, 0.3095],
        [0.7865, 0.3337, 1.0000, 0.6206],
        [0.7661, 0.3095, 0.6206, 1.0000]])
average client similarity
tensor([[1.0000, 0.7749, 0.7402, 0.7350],
        [0.7749, 1.0000, 0.7286, 0.7292],
        [0.7402, 0.7286, 1.0000, 0.7463],
        [0.7350, 0.7292, 0.7463, 1.0000]])
average embedding similarity
tensor([[1.0000, 0.3583, 0.4118, 0.9015],
        [0.3583, 1.0000, 0.6879, 0.3340],
        [0.4118, 0.6879, 1.0000, 0.5027],
        [0.9015, 0.3340, 0.5027, 1.0000]])
average client similarity
tensor([[1.0000, 0.6990, 0.7139, 0.7306],
        [0.6990, 1.0000, 0.7227, 0.7389],
        [0.7139, 0.7227, 1.0000, 0.7626],
        [0.7306, 0.7389, 0.7626, 1.0000]])
average embedding similarity
tensor([[1.0000, 0.1351, 0.9077, 0.7206],
        [0.1351, 1.0000, 0.1242, 0.3254],
        [0.9077, 0.1242, 1.0000, 0.7090],
        [0.7206, 0.3254, 0.7090, 1.0000]])
average client similarity
tensor([[1.0000, 0.7242, 0.7226, 0.7013],
        [0.7242, 1.0000, 0.7547, 0.7236],
        [0.7226, 0.7547, 1.0000, 0.7569],
        [0.7013, 0.7236, 0.7569, 1.0000]])
average embedding similarity
tensor([[1.0000, 0.2943, 0.6791, 0.7593],
        [0.2943, 1.0000, 0.4453, 0.1380],
        [0.6791, 0.4453, 1.0000, 0.5284],
        [0.7593, 0.1380, 0.5284, 1.0000]])
average client similarity
tensor([[1.0000, 0.7309, 0.6892, 0.6771],
        [0.7309, 1.0000, 0.7245, 0.6997],
        [0.6892, 0.7245, 1.0000, 0.7381],
        [0.6771, 0.6997, 0.7381, 1.0000]])
average embedding similarity
tensor([[1.0000, 0.4880, 0.8015, 0.7933],
        [0.4880, 1.0000, 0.3536, 0.3109],
        [0.8015, 0.3536, 1.0000, 0.9090],
        [0.7933, 0.3109, 0.9090, 1.0000]])
NCI1_Selftraining_sim_200
               best_test_acc  final_test_acc  final_best_test_acc
0-NCI1-normal       0.755865        0.722804             0.736396
1-NCI1-normal       0.776060        0.749770             0.756581
2-NCI1-normal       0.743183        0.700365             0.729567
3-NCI1-normal       0.746905        0.722553             0.723505
mean                0.755503        0.723873             0.736512
std                 0.013564        0.012689             0.009768
Done

Done setting up devices.
NCI1_FedAvg_sim_200
               best_test_acc  final_test_acc  final_best_test_acc
0-NCI1-normal       0.732550        0.716031             0.717968
1-NCI1-normal       0.753611        0.736074             0.740952
2-NCI1-normal       0.727639        0.713038             0.715951
3-NCI1-normal       0.758541        0.740019             0.747824
mean                0.743085        0.726291             0.730674
std                 0.014791        0.017401             0.016500
Done

Done setting up devices.
average client graph
tensor([[0.2500, 0.2500, 0.2500, 0.2500],
        [0.2500, 0.2500, 0.2500, 0.2500],
        [0.2500, 0.2500, 0.2500, 0.2500],
        [0.2500, 0.2500, 0.2500, 0.2500]])
NCI1_SFL_sim_200
               best_test_acc  final_test_acc  final_best_test_acc
0-NCI1-normal       0.731532        0.714037             0.714989
1-NCI1-normal       0.750708        0.725385             0.727336
2-NCI1-normal       0.750992        0.728610             0.735439
3-NCI1-normal       0.735165        0.710826             0.712759
mean                0.742099        0.719715             0.722631
std                 0.016637        0.017646             0.014011
Done

Done setting up devices.
average client similarity
tensor([[1.0000, 0.7546, 0.7948, 0.7734, 0.7519, 0.7777],
        [0.7546, 1.0000, 0.7945, 0.7720, 0.7369, 0.7990],
        [0.7948, 0.7945, 1.0000, 0.7734, 0.7680, 0.7956],
        [0.7734, 0.7720, 0.7734, 1.0000, 0.7744, 0.8000],
        [0.7519, 0.7369, 0.7680, 0.7744, 1.0000, 0.7850],
        [0.7777, 0.7990, 0.7956, 0.8000, 0.7850, 1.0000]])
average embedding similarity
tensor([[1.0000, 0.8358, 0.8306, 0.8693, 0.7668, 0.8097],
        [0.8358, 1.0000, 0.9483, 0.6875, 0.8869, 0.9158],
        [0.8306, 0.9483, 1.0000, 0.7028, 0.8606, 0.8483],
        [0.8693, 0.6875, 0.7028, 1.0000, 0.6820, 0.7085],
        [0.7668, 0.8869, 0.8606, 0.6820, 1.0000, 0.8621],
        [0.8097, 0.9158, 0.8483, 0.7085, 0.8621, 1.0000]])
average client similarity
tensor([[1.0000, 0.7873, 0.7889, 0.7488, 0.7614, 0.7717],
        [0.7873, 1.0000, 0.7694, 0.7653, 0.7946, 0.7981],
        [0.7889, 0.7694, 1.0000, 0.7618, 0.7610, 0.7642],
        [0.7488, 0.7653, 0.7618, 1.0000, 0.7766, 0.7831],
        [0.7614, 0.7946, 0.7610, 0.7766, 1.0000, 0.7909],
        [0.7717, 0.7981, 0.7642, 0.7831, 0.7909, 1.0000]])
average embedding similarity
tensor([[1.0000, 0.7185, 0.7984, 0.6736, 0.7087, 0.6797],
        [0.7185, 1.0000, 0.7150, 0.8900, 0.9458, 0.9695],
        [0.7984, 0.7150, 1.0000, 0.6816, 0.7361, 0.6749],
        [0.6736, 0.8900, 0.6816, 1.0000, 0.8374, 0.9148],
        [0.7087, 0.9458, 0.7361, 0.8374, 1.0000, 0.9217],
        [0.6797, 0.9695, 0.6749, 0.9148, 0.9217, 1.0000]])
average client similarity
tensor([[1.0000, 0.7933, 0.8031, 0.7973, 0.7726, 0.7662],
        [0.7933, 1.0000, 0.8097, 0.7999, 0.7791, 0.8011],
        [0.8031, 0.8097, 1.0000, 0.8175, 0.7930, 0.7750],
        [0.7973, 0.7999, 0.8175, 1.0000, 0.7953, 0.7915],
        [0.7726, 0.7791, 0.7930, 0.7953, 1.0000, 0.7889],
        [0.7662, 0.8011, 0.7750, 0.7915, 0.7889, 1.0000]])
average embedding similarity
tensor([[1.0000, 0.5726, 0.3904, 0.5281, 0.2508, 0.2265],
        [0.5726, 1.0000, 0.5455, 0.4942, 0.5767, 0.5563],
        [0.3904, 0.5455, 1.0000, 0.7928, 0.7615, 0.7604],
        [0.5281, 0.4942, 0.7928, 1.0000, 0.6873, 0.6985],
        [0.2508, 0.5767, 0.7615, 0.6873, 1.0000, 0.9702],
        [0.2265, 0.5563, 0.7604, 0.6985, 0.9702, 1.0000]])
average client similarity
tensor([[1.0000, 0.7638, 0.8070, 0.7622, 0.7571, 0.7607],
        [0.7638, 1.0000, 0.7861, 0.7595, 0.7813, 0.7581],
        [0.8070, 0.7861, 1.0000, 0.7715, 0.7509, 0.7828],
        [0.7622, 0.7595, 0.7715, 1.0000, 0.7647, 0.8026],
        [0.7571, 0.7813, 0.7509, 0.7647, 1.0000, 0.7412],
        [0.7607, 0.7581, 0.7828, 0.8026, 0.7412, 1.0000]])
average embedding similarity
tensor([[1.0000, 0.6471, 0.7239, 0.8288, 0.6246, 0.6241],
        [0.6471, 1.0000, 0.8888, 0.6761, 0.9263, 0.9239],
        [0.7239, 0.8888, 1.0000, 0.7665, 0.8257, 0.8541],
        [0.8288, 0.6761, 0.7665, 1.0000, 0.6784, 0.7621],
        [0.6246, 0.9263, 0.8257, 0.6784, 1.0000, 0.9220],
        [0.6241, 0.9239, 0.8541, 0.7621, 0.9220, 1.0000]])
average client similarity
tensor([[1.0000, 0.8076, 0.7621, 0.7584, 0.7471, 0.7518],
        [0.8076, 1.0000, 0.7766, 0.7947, 0.7754, 0.7832],
        [0.7621, 0.7766, 1.0000, 0.7567, 0.7497, 0.7545],
        [0.7584, 0.7947, 0.7567, 1.0000, 0.7600, 0.7882],
        [0.7471, 0.7754, 0.7497, 0.7600, 1.0000, 0.7537],
        [0.7518, 0.7832, 0.7545, 0.7882, 0.7537, 1.0000]])
average embedding similarity
tensor([[1.0000, 0.9885, 0.4122, 0.9660, 0.6543, 0.9567],
        [0.9885, 1.0000, 0.4030, 0.9756, 0.6379, 0.9657],
        [0.4122, 0.4030, 1.0000, 0.3695, 0.6245, 0.3719],
        [0.9660, 0.9756, 0.3695, 1.0000, 0.6190, 0.9908],
        [0.6543, 0.6379, 0.6245, 0.6190, 1.0000, 0.6161],
        [0.9567, 0.9657, 0.3719, 0.9908, 0.6161, 1.0000]])
NCI1_Selftraining_sim_200
               best_test_acc  final_test_acc  final_best_test_acc
0-NCI1-normal       0.776642        0.737226             0.756204
1-NCI1-normal       0.737226        0.706569             0.706569
2-NCI1-normal       0.740146        0.690511             0.716788
3-NCI1-normal       0.759124        0.728467             0.740146
4-NCI1-normal       0.760584        0.740146             0.729927
5-NCI1-normal       0.734307        0.697810             0.718248
mean                0.751338        0.716788             0.727981
std                 0.014570        0.016092             0.014611
Done

Done setting up devices.
NCI1_FedAvg_sim_200
               best_test_acc  final_test_acc  final_best_test_acc
0-NCI1-normal       0.763504        0.740146             0.757664
1-NCI1-normal       0.725547        0.705109             0.712409
2-NCI1-normal       0.760584        0.729927             0.734307
3-NCI1-normal       0.721168        0.694891             0.696350
4-NCI1-normal       0.738686        0.697810             0.709489
5-NCI1-normal       0.745985        0.734307             0.735766
mean                0.742579        0.717032             0.724331
std                 0.010254        0.011166             0.011633
Done

Done setting up devices.
average client graph
tensor([[0.1667, 0.1667, 0.1667, 0.1667, 0.1667, 0.1667],
        [0.1667, 0.1667, 0.1667, 0.1667, 0.1667, 0.1667],
        [0.1667, 0.1667, 0.1667, 0.1667, 0.1667, 0.1667],
        [0.1667, 0.1667, 0.1667, 0.1667, 0.1667, 0.1667],
        [0.1667, 0.1667, 0.1667, 0.1667, 0.1667, 0.1667],
        [0.1667, 0.1667, 0.1667, 0.1667, 0.1667, 0.1667]])
NCI1_SFL_sim_200
               best_test_acc  final_test_acc  final_best_test_acc
0-NCI1-normal       0.757664        0.727007             0.747445
1-NCI1-normal       0.727007        0.706569             0.716788
2-NCI1-normal       0.753285        0.724088             0.731387
3-NCI1-normal       0.764964        0.747445             0.756204
4-NCI1-normal       0.725547        0.702190             0.694891
5-NCI1-normal       0.725547        0.699270             0.700730
mean                0.742336        0.717762             0.724574
std                 0.013858        0.021433             0.014611
Done

Done setting up devices.
average client similarity
tensor([[1.0000, 0.7703, 0.7729, 0.8100, 0.8072, 0.7880, 0.7608, 0.7797],
        [0.7703, 1.0000, 0.7662, 0.7830, 0.7871, 0.8125, 0.8158, 0.8145],
        [0.7729, 0.7662, 1.0000, 0.8007, 0.7895, 0.7977, 0.7871, 0.8027],
        [0.8100, 0.7830, 0.8007, 1.0000, 0.7958, 0.8110, 0.7884, 0.8172],
        [0.8072, 0.7871, 0.7895, 0.7958, 1.0000, 0.8365, 0.8029, 0.8395],
        [0.7880, 0.8125, 0.7977, 0.8110, 0.8365, 1.0000, 0.8200, 0.8774],
        [0.7608, 0.8158, 0.7871, 0.7884, 0.8029, 0.8200, 1.0000, 0.8320],
        [0.7797, 0.8145, 0.8027, 0.8172, 0.8395, 0.8774, 0.8320, 1.0000]])
average embedding similarity
tensor([[1.0000, 0.7098, 0.9436, 0.9578, 0.6963, 0.7489, 0.7603, 0.8171],
        [0.7098, 1.0000, 0.7854, 0.7374, 0.8295, 0.8786, 0.8838, 0.8140],
        [0.9436, 0.7854, 1.0000, 0.9565, 0.7761, 0.8461, 0.8535, 0.9157],
        [0.9578, 0.7374, 0.9565, 1.0000, 0.7007, 0.7761, 0.7851, 0.8601],
        [0.6963, 0.8295, 0.7761, 0.7007, 1.0000, 0.8294, 0.7720, 0.7761],
        [0.7489, 0.8786, 0.8461, 0.7761, 0.8294, 1.0000, 0.9448, 0.9338],
        [0.7603, 0.8838, 0.8535, 0.7851, 0.7720, 0.9448, 1.0000, 0.9290],
        [0.8171, 0.8140, 0.9157, 0.8601, 0.7761, 0.9338, 0.9290, 1.0000]])
average client similarity
tensor([[1.0000, 0.8227, 0.7830, 0.7840, 0.8071, 0.8091, 0.7885, 0.7897],
        [0.8227, 1.0000, 0.8020, 0.7963, 0.8249, 0.8409, 0.8207, 0.8193],
        [0.7830, 0.8020, 1.0000, 0.8153, 0.7875, 0.7782, 0.7701, 0.7921],
        [0.7840, 0.7963, 0.8153, 1.0000, 0.7921, 0.7944, 0.7901, 0.8165],
        [0.8071, 0.8249, 0.7875, 0.7921, 1.0000, 0.8452, 0.8027, 0.8221],
        [0.8091, 0.8409, 0.7782, 0.7944, 0.8452, 1.0000, 0.8174, 0.8330],
        [0.7885, 0.8207, 0.7701, 0.7901, 0.8027, 0.8174, 1.0000, 0.8269],
        [0.7897, 0.8193, 0.7921, 0.8165, 0.8221, 0.8330, 0.8269, 1.0000]])
average embedding similarity
tensor([[1.0000, 0.8469, 0.9676, 0.9633, 0.7183, 0.7462, 0.8523, 0.8809],
        [0.8469, 1.0000, 0.8392, 0.8326, 0.7786, 0.8502, 0.8778, 0.8586],
        [0.9676, 0.8392, 1.0000, 0.9363, 0.7326, 0.7281, 0.8158, 0.8446],
        [0.9633, 0.8326, 0.9363, 1.0000, 0.6948, 0.7218, 0.8411, 0.8430],
        [0.7183, 0.7786, 0.7326, 0.6948, 1.0000, 0.6793, 0.6872, 0.6635],
        [0.7462, 0.8502, 0.7281, 0.7218, 0.6793, 1.0000, 0.8748, 0.8865],
        [0.8523, 0.8778, 0.8158, 0.8411, 0.6872, 0.8748, 1.0000, 0.9593],
        [0.8809, 0.8586, 0.8446, 0.8430, 0.6635, 0.8865, 0.9593, 1.0000]])
average client similarity
tensor([[1.0000, 0.8162, 0.7979, 0.8165, 0.8139, 0.8188, 0.8225, 0.8186],
        [0.8162, 1.0000, 0.8217, 0.8333, 0.8081, 0.7915, 0.8108, 0.8182],
        [0.7979, 0.8217, 1.0000, 0.8095, 0.7919, 0.7847, 0.7940, 0.8060],
        [0.8165, 0.8333, 0.8095, 1.0000, 0.7948, 0.8050, 0.8114, 0.8049],
        [0.8139, 0.8081, 0.7919, 0.7948, 1.0000, 0.8374, 0.8298, 0.8344],
        [0.8188, 0.7915, 0.7847, 0.8050, 0.8374, 1.0000, 0.8487, 0.8366],
        [0.8225, 0.8108, 0.7940, 0.8114, 0.8298, 0.8487, 1.0000, 0.8531],
        [0.8186, 0.8182, 0.8060, 0.8049, 0.8344, 0.8366, 0.8531, 1.0000]])
average embedding similarity
tensor([[1.0000, 0.9590, 0.9823, 0.9740, 0.9077, 0.8495, 0.8549, 0.9114],
        [0.9590, 1.0000, 0.9665, 0.9279, 0.8923, 0.8122, 0.8322, 0.8669],
        [0.9823, 0.9665, 1.0000, 0.9739, 0.9097, 0.8495, 0.8577, 0.9038],
        [0.9740, 0.9279, 0.9739, 1.0000, 0.9211, 0.8830, 0.8806, 0.9406],
        [0.9077, 0.8923, 0.9097, 0.9211, 1.0000, 0.9442, 0.9562, 0.9747],
        [0.8495, 0.8122, 0.8495, 0.8830, 0.9442, 1.0000, 0.9908, 0.9621],
        [0.8549, 0.8322, 0.8577, 0.8806, 0.9562, 0.9908, 1.0000, 0.9603],
        [0.9114, 0.8669, 0.9038, 0.9406, 0.9747, 0.9621, 0.9603, 1.0000]])
average client similarity
tensor([[1.0000, 0.8403, 0.7760, 0.8178, 0.8009, 0.7979, 0.7649, 0.7870],
        [0.8403, 1.0000, 0.8303, 0.8485, 0.8198, 0.8271, 0.7986, 0.8269],
        [0.7760, 0.8303, 1.0000, 0.8064, 0.7810, 0.7910, 0.7836, 0.7995],
        [0.8178, 0.8485, 0.8064, 1.0000, 0.7963, 0.8101, 0.7966, 0.8166],
        [0.8009, 0.8198, 0.7810, 0.7963, 1.0000, 0.8570, 0.8254, 0.8677],
        [0.7979, 0.8271, 0.7910, 0.8101, 0.8570, 1.0000, 0.8112, 0.8513],
        [0.7649, 0.7986, 0.7836, 0.7966, 0.8254, 0.8112, 1.0000, 0.8314],
        [0.7870, 0.8269, 0.7995, 0.8166, 0.8677, 0.8513, 0.8314, 1.0000]])
average embedding similarity
tensor([[1.0000, 0.9395, 0.8958, 0.9606, 0.6349, 0.8621, 0.7799, 0.8185],
        [0.9395, 1.0000, 0.8806, 0.8998, 0.7000, 0.9170, 0.8574, 0.8838],
        [0.8958, 0.8806, 1.0000, 0.9417, 0.6481, 0.8835, 0.7724, 0.8483],
        [0.9606, 0.8998, 0.9417, 1.0000, 0.6150, 0.8586, 0.7480, 0.8122],
        [0.6349, 0.7000, 0.6481, 0.6150, 1.0000, 0.7092, 0.6380, 0.6689],
        [0.8621, 0.9170, 0.8835, 0.8586, 0.7092, 1.0000, 0.9202, 0.9671],
        [0.7799, 0.8574, 0.7724, 0.7480, 0.6380, 0.9202, 1.0000, 0.9528],
        [0.8185, 0.8838, 0.8483, 0.8122, 0.6689, 0.9671, 0.9528, 1.0000]])
average client similarity
tensor([[1.0000, 0.8029, 0.7891, 0.8063, 0.8082, 0.8040, 0.8073, 0.7942],
        [0.8029, 1.0000, 0.8081, 0.8366, 0.8070, 0.8156, 0.8278, 0.8105],
        [0.7891, 0.8081, 1.0000, 0.8066, 0.7848, 0.7912, 0.8046, 0.7937],
        [0.8063, 0.8366, 0.8066, 1.0000, 0.7982, 0.8086, 0.8304, 0.8009],
        [0.8082, 0.8070, 0.7848, 0.7982, 1.0000, 0.8384, 0.8427, 0.8202],
        [0.8040, 0.8156, 0.7912, 0.8086, 0.8384, 1.0000, 0.8477, 0.8478],
        [0.8073, 0.8278, 0.8046, 0.8304, 0.8427, 0.8477, 1.0000, 0.8391],
        [0.7942, 0.8105, 0.7937, 0.8009, 0.8202, 0.8478, 0.8391, 1.0000]])
average embedding similarity
tensor([[1.0000, 0.8972, 0.8720, 0.9719, 0.4214, 0.7352, 0.8747, 0.7767],
        [0.8972, 1.0000, 0.8446, 0.9262, 0.5172, 0.8821, 0.9296, 0.8914],
        [0.8720, 0.8446, 1.0000, 0.8865, 0.4969, 0.7210, 0.8271, 0.7069],
        [0.9719, 0.9262, 0.8865, 1.0000, 0.4604, 0.7840, 0.9225, 0.8110],
        [0.4214, 0.5172, 0.4969, 0.4604, 1.0000, 0.4459, 0.5082, 0.4152],
        [0.7352, 0.8821, 0.7210, 0.7840, 0.4459, 1.0000, 0.8950, 0.9572],
        [0.8747, 0.9296, 0.8271, 0.9225, 0.5082, 0.8950, 1.0000, 0.9125],
        [0.7767, 0.8914, 0.7069, 0.8110, 0.4152, 0.9572, 0.9125, 1.0000]])
NCI1_Selftraining_sim_200
               best_test_acc  final_test_acc  final_best_test_acc
0-NCI1-normal       0.789872        0.743118             0.762688
1-NCI1-normal       0.735446        0.680982             0.706168
2-NCI1-normal       0.745098        0.725642             0.719779
3-NCI1-normal       0.762079        0.719132             0.746488
4-NCI1-normal       0.737293        0.696440             0.706149
5-NCI1-normal       0.741329        0.686789             0.708243
6-NCI1-normal       0.760689        0.706225             0.712107
7-NCI1-normal       0.725109        0.676452             0.674453
mean                0.749615        0.704348             0.717009
std                 0.008613        0.010479             0.012860
Done

Done setting up devices.
NCI1_FedAvg_sim_200
               best_test_acc  final_test_acc  final_best_test_acc
0-NCI1-normal       0.733467        0.698458             0.714030
1-NCI1-normal       0.770379        0.750942             0.758709
2-NCI1-normal       0.733467        0.698477             0.715953
3-NCI1-normal       0.736779        0.701770             0.705635
4-NCI1-normal       0.708091        0.690615             0.694441
5-NCI1-normal       0.725662        0.698439             0.684809
6-NCI1-normal       0.747097        0.723777             0.719893
7-NCI1-normal       0.733105        0.711631             0.705749
mean                0.736006        0.709264             0.712402
std                 0.008427        0.005600             0.005467
Done

Done setting up devices.
average client graph
tensor([[0.1250, 0.1250, 0.1250, 0.1250, 0.1250, 0.1250, 0.1250, 0.1250],
        [0.1250, 0.1250, 0.1250, 0.1250, 0.1250, 0.1250, 0.1250, 0.1250],
        [0.1250, 0.1250, 0.1250, 0.1250, 0.1250, 0.1250, 0.1250, 0.1250],
        [0.1250, 0.1250, 0.1250, 0.1250, 0.1250, 0.1250, 0.1250, 0.1250],
        [0.1250, 0.1250, 0.1250, 0.1250, 0.1250, 0.1250, 0.1250, 0.1250],
        [0.1250, 0.1250, 0.1250, 0.1250, 0.1250, 0.1250, 0.1250, 0.1250],
        [0.1250, 0.1250, 0.1250, 0.1250, 0.1250, 0.1250, 0.1250, 0.1250],
        [0.1250, 0.1250, 0.1250, 0.1250, 0.1250, 0.1250, 0.1250, 0.1250]])
NCI1_SFL_sim_200
               best_test_acc  final_test_acc  final_best_test_acc
0-NCI1-normal       0.735446        0.698477             0.714030
1-NCI1-normal       0.719989        0.698572             0.708338
2-NCI1-normal       0.739197        0.719741             0.727546
3-NCI1-normal       0.697982        0.678546             0.674662
4-NCI1-normal       0.713897        0.692461             0.690539
5-NCI1-normal       0.743194        0.731544             0.727584
6-NCI1-normal       0.721797        0.696459             0.710147
7-NCI1-normal       0.754331        0.728974             0.723130
mean                0.728229        0.705597             0.709497
std                 0.009848        0.010870             0.009502
Done

Done setting up devices.
average client similarity
tensor([[1.0000, 0.8309, 0.8214, 0.8346, 0.8050, 0.8067, 0.7824, 0.8101, 0.8147,
         0.8490],
        [0.8309, 1.0000, 0.8110, 0.8455, 0.8298, 0.8283, 0.8222, 0.8321, 0.8359,
         0.8464],
        [0.8214, 0.8110, 1.0000, 0.8243, 0.8205, 0.8146, 0.7962, 0.8240, 0.8039,
         0.8506],
        [0.8346, 0.8455, 0.8243, 1.0000, 0.8143, 0.8128, 0.8146, 0.8425, 0.8366,
         0.8527],
        [0.8050, 0.8298, 0.8205, 0.8143, 1.0000, 0.8199, 0.8239, 0.8019, 0.8084,
         0.8234],
        [0.8067, 0.8283, 0.8146, 0.8128, 0.8199, 1.0000, 0.8282, 0.8335, 0.8289,
         0.8440],
        [0.7824, 0.8222, 0.7962, 0.8146, 0.8239, 0.8282, 1.0000, 0.8100, 0.8138,
         0.8262],
        [0.8101, 0.8321, 0.8240, 0.8425, 0.8019, 0.8335, 0.8100, 1.0000, 0.8480,
         0.8592],
        [0.8147, 0.8359, 0.8039, 0.8366, 0.8084, 0.8289, 0.8138, 0.8480, 1.0000,
         0.8325],
        [0.8490, 0.8464, 0.8506, 0.8527, 0.8234, 0.8440, 0.8262, 0.8592, 0.8325,
         1.0000]])
average embedding similarity
tensor([[1.0000, 0.6483, 0.7526, 0.7195, 0.6714, 0.6433, 0.2862, 0.5434, 0.8385,
         0.6537],
        [0.6483, 1.0000, 0.4487, 0.4403, 0.4754, 0.4099, 0.5543, 0.5826, 0.6206,
         0.4166],
        [0.7526, 0.4487, 1.0000, 0.9739, 0.8865, 0.8705, 0.0857, 0.7361, 0.8231,
         0.8831],
        [0.7195, 0.4403, 0.9739, 1.0000, 0.8337, 0.8702, 0.1098, 0.7203, 0.7803,
         0.9047],
        [0.6714, 0.4754, 0.8865, 0.8337, 1.0000, 0.8131, 0.1262, 0.7419, 0.7852,
         0.7891],
        [0.6433, 0.4099, 0.8705, 0.8702, 0.8131, 1.0000, 0.2556, 0.8049, 0.7561,
         0.9428],
        [0.2862, 0.5543, 0.0857, 0.1098, 0.1262, 0.2556, 1.0000, 0.3347, 0.2534,
         0.2297],
        [0.5434, 0.5826, 0.7361, 0.7203, 0.7419, 0.8049, 0.3347, 1.0000, 0.6975,
         0.8259],
        [0.8385, 0.6206, 0.8231, 0.7803, 0.7852, 0.7561, 0.2534, 0.6975, 1.0000,
         0.7680],
        [0.6537, 0.4166, 0.8831, 0.9047, 0.7891, 0.9428, 0.2297, 0.8259, 0.7680,
         1.0000]])
average client similarity
tensor([[1.0000, 0.8590, 0.8336, 0.8355, 0.8486, 0.8277, 0.8020, 0.8400, 0.8540,
         0.8514],
        [0.8590, 1.0000, 0.8164, 0.8449, 0.8591, 0.8307, 0.8126, 0.8400, 0.8703,
         0.8505],
        [0.8336, 0.8164, 1.0000, 0.8076, 0.8145, 0.7854, 0.7863, 0.8186, 0.8051,
         0.8076],
        [0.8355, 0.8449, 0.8076, 1.0000, 0.8514, 0.8139, 0.8045, 0.8252, 0.8296,
         0.8309],
        [0.8486, 0.8591, 0.8145, 0.8514, 1.0000, 0.8173, 0.8036, 0.8286, 0.8397,
         0.8359],
        [0.8277, 0.8307, 0.7854, 0.8139, 0.8173, 1.0000, 0.7994, 0.8245, 0.8327,
         0.8349],
        [0.8020, 0.8126, 0.7863, 0.8045, 0.8036, 0.7994, 1.0000, 0.8274, 0.8223,
         0.8274],
        [0.8400, 0.8400, 0.8186, 0.8252, 0.8286, 0.8245, 0.8274, 1.0000, 0.8319,
         0.8517],
        [0.8540, 0.8703, 0.8051, 0.8296, 0.8397, 0.8327, 0.8223, 0.8319, 1.0000,
         0.8405],
        [0.8514, 0.8505, 0.8076, 0.8309, 0.8359, 0.8349, 0.8274, 0.8517, 0.8405,
         1.0000]])
average embedding similarity
tensor([[1.0000, 0.6938, 0.4441, 0.8666, 0.8572, 0.5537, 0.2266, 0.4763, 0.8891,
         0.7982],
        [0.6938, 1.0000, 0.6305, 0.5275, 0.7634, 0.6215, 0.2972, 0.5319, 0.6136,
         0.4848],
        [0.4441, 0.6305, 1.0000, 0.3755, 0.5227, 0.6852, 0.5693, 0.6386, 0.3764,
         0.3058],
        [0.8666, 0.5275, 0.3755, 1.0000, 0.7755, 0.4533, 0.1790, 0.4070, 0.9647,
         0.9021],
        [0.8572, 0.7634, 0.5227, 0.7755, 1.0000, 0.5770, 0.2441, 0.5246, 0.8270,
         0.6783],
        [0.5537, 0.6215, 0.6852, 0.4533, 0.5770, 1.0000, 0.6621, 0.8934, 0.4921,
         0.5654],
        [0.2266, 0.2972, 0.5693, 0.1790, 0.2441, 0.6621, 1.0000, 0.6466, 0.1733,
         0.2837],
        [0.4763, 0.5319, 0.6386, 0.4070, 0.5246, 0.8934, 0.6466, 1.0000, 0.4120,
         0.5400],
        [0.8891, 0.6136, 0.3764, 0.9647, 0.8270, 0.4921, 0.1733, 0.4120, 1.0000,
         0.8798],
        [0.7982, 0.4848, 0.3058, 0.9021, 0.6783, 0.5654, 0.2837, 0.5400, 0.8798,
         1.0000]])
average client similarity
tensor([[1.0000, 0.8362, 0.8256, 0.8465, 0.8227, 0.8217, 0.8129, 0.8414, 0.8385,
         0.8477],
        [0.8362, 1.0000, 0.8230, 0.8184, 0.8080, 0.8047, 0.7969, 0.8062, 0.8363,
         0.8321],
        [0.8256, 0.8230, 1.0000, 0.8313, 0.8226, 0.8228, 0.8177, 0.8330, 0.8343,
         0.8162],
        [0.8465, 0.8184, 0.8313, 1.0000, 0.8333, 0.8148, 0.8209, 0.8351, 0.8257,
         0.8462],
        [0.8227, 0.8080, 0.8226, 0.8333, 1.0000, 0.7993, 0.7958, 0.8206, 0.8277,
         0.8213],
        [0.8217, 0.8047, 0.8228, 0.8148, 0.7993, 1.0000, 0.8212, 0.8250, 0.8449,
         0.8268],
        [0.8129, 0.7969, 0.8177, 0.8209, 0.7958, 0.8212, 1.0000, 0.8303, 0.8320,
         0.8247],
        [0.8414, 0.8062, 0.8330, 0.8351, 0.8206, 0.8250, 0.8303, 1.0000, 0.8440,
         0.8407],
        [0.8385, 0.8363, 0.8343, 0.8257, 0.8277, 0.8449, 0.8320, 0.8440, 1.0000,
         0.8541],
        [0.8477, 0.8321, 0.8162, 0.8462, 0.8213, 0.8268, 0.8247, 0.8407, 0.8541,
         1.0000]])
average embedding similarity
tensor([[1.0000, 0.9664, 0.8865, 0.9409, 0.9480, 0.6967, 0.2086, 0.9309, 0.9466,
         0.8596],
        [0.9664, 1.0000, 0.8435, 0.9475, 0.9460, 0.7087, 0.2260, 0.9267, 0.9331,
         0.8674],
        [0.8865, 0.8435, 1.0000, 0.8321, 0.8052, 0.5894, 0.2706, 0.8281, 0.8120,
         0.7659],
        [0.9409, 0.9475, 0.8321, 1.0000, 0.9623, 0.6700, 0.2276, 0.9340, 0.9193,
         0.8548],
        [0.9480, 0.9460, 0.8052, 0.9623, 1.0000, 0.6586, 0.1825, 0.8902, 0.9399,
         0.8139],
        [0.6967, 0.7087, 0.5894, 0.6700, 0.6586, 1.0000, 0.3539, 0.7576, 0.7195,
         0.7772],
        [0.2086, 0.2260, 0.2706, 0.2276, 0.1825, 0.3539, 1.0000, 0.2749, 0.2177,
         0.2997],
        [0.9309, 0.9267, 0.8281, 0.9340, 0.8902, 0.7576, 0.2749, 1.0000, 0.9088,
         0.9518],
        [0.9466, 0.9331, 0.8120, 0.9193, 0.9399, 0.7195, 0.2177, 0.9088, 1.0000,
         0.8571],
        [0.8596, 0.8674, 0.7659, 0.8548, 0.8139, 0.7772, 0.2997, 0.9518, 0.8571,
         1.0000]])
average client similarity
tensor([[1.0000, 0.8529, 0.8467, 0.8294, 0.8531, 0.8078, 0.8042, 0.8213, 0.8531,
         0.8315],
        [0.8529, 1.0000, 0.8634, 0.8403, 0.8568, 0.8291, 0.7975, 0.8317, 0.8391,
         0.8349],
        [0.8467, 0.8634, 1.0000, 0.8334, 0.8493, 0.8158, 0.7968, 0.8120, 0.8264,
         0.8321],
        [0.8294, 0.8403, 0.8334, 1.0000, 0.8609, 0.8367, 0.8202, 0.8059, 0.8192,
         0.8270],
        [0.8531, 0.8568, 0.8493, 0.8609, 1.0000, 0.8325, 0.8154, 0.8140, 0.8425,
         0.8321],
        [0.8078, 0.8291, 0.8158, 0.8367, 0.8325, 1.0000, 0.8285, 0.8107, 0.8075,
         0.8344],
        [0.8042, 0.7975, 0.7968, 0.8202, 0.8154, 0.8285, 1.0000, 0.7906, 0.8009,
         0.7972],
        [0.8213, 0.8317, 0.8120, 0.8059, 0.8140, 0.8107, 0.7906, 1.0000, 0.7997,
         0.8212],
        [0.8531, 0.8391, 0.8264, 0.8192, 0.8425, 0.8075, 0.8009, 0.7997, 1.0000,
         0.8244],
        [0.8315, 0.8349, 0.8321, 0.8270, 0.8321, 0.8344, 0.7972, 0.8212, 0.8244,
         1.0000]])
average embedding similarity
tensor([[1.0000, 0.6767, 0.6228, 0.9430, 0.8402, 0.8179, 0.1583, 0.2476, 0.9438,
         0.6941],
        [0.6767, 1.0000, 0.6946, 0.5747, 0.8216, 0.4819, 0.3481, 0.4292, 0.6093,
         0.5738],
        [0.6228, 0.6946, 1.0000, 0.5983, 0.6823, 0.4954, 0.3667, 0.6183, 0.6277,
         0.5585],
        [0.9430, 0.5747, 0.5983, 1.0000, 0.7570, 0.8668, 0.1930, 0.2873, 0.9379,
         0.6952],
        [0.8402, 0.8216, 0.6823, 0.7570, 1.0000, 0.6572, 0.1999, 0.2679, 0.8086,
         0.6625],
        [0.8179, 0.4819, 0.4954, 0.8668, 0.6572, 1.0000, 0.3161, 0.3741, 0.8156,
         0.8081],
        [0.1583, 0.3481, 0.3667, 0.1930, 0.1999, 0.3161, 1.0000, 0.7083, 0.1711,
         0.3901],
        [0.2476, 0.4292, 0.6183, 0.2873, 0.2679, 0.3741, 0.7083, 1.0000, 0.2457,
         0.4597],
        [0.9438, 0.6093, 0.6277, 0.9379, 0.8086, 0.8156, 0.1711, 0.2457, 1.0000,
         0.6791],
        [0.6941, 0.5738, 0.5585, 0.6952, 0.6625, 0.8081, 0.3901, 0.4597, 0.6791,
         1.0000]])
average client similarity
tensor([[1.0000, 0.8490, 0.8389, 0.8342, 0.8403, 0.8412, 0.8015, 0.8579, 0.8272,
         0.8448],
        [0.8490, 1.0000, 0.8522, 0.8456, 0.8394, 0.8333, 0.8204, 0.8486, 0.8192,
         0.8445],
        [0.8389, 0.8522, 1.0000, 0.8441, 0.8288, 0.8445, 0.8099, 0.8639, 0.8226,
         0.8469],
        [0.8342, 0.8456, 0.8441, 1.0000, 0.8223, 0.8169, 0.8176, 0.8340, 0.8131,
         0.8372],
        [0.8403, 0.8394, 0.8288, 0.8223, 1.0000, 0.8123, 0.8071, 0.8309, 0.8051,
         0.8272],
        [0.8412, 0.8333, 0.8445, 0.8169, 0.8123, 1.0000, 0.8187, 0.8498, 0.8096,
         0.8337],
        [0.8015, 0.8204, 0.8099, 0.8176, 0.8071, 0.8187, 1.0000, 0.8098, 0.7894,
         0.8165],
        [0.8579, 0.8486, 0.8639, 0.8340, 0.8309, 0.8498, 0.8098, 1.0000, 0.8226,
         0.8641],
        [0.8272, 0.8192, 0.8226, 0.8131, 0.8051, 0.8096, 0.7894, 0.8226, 1.0000,
         0.8178],
        [0.8448, 0.8445, 0.8469, 0.8372, 0.8272, 0.8337, 0.8165, 0.8641, 0.8178,
         1.0000]])
average embedding similarity
tensor([[1.0000, 0.9335, 0.7664, 0.9022, 0.8269, 0.6365, 0.2162, 0.5463, 0.8281,
         0.6404],
        [0.9335, 1.0000, 0.8082, 0.9641, 0.9132, 0.6706, 0.1972, 0.5923, 0.8918,
         0.5979],
        [0.7664, 0.8082, 1.0000, 0.7458, 0.7647, 0.6501, 0.3006, 0.7308, 0.8292,
         0.5560],
        [0.9022, 0.9641, 0.7458, 1.0000, 0.9492, 0.7078, 0.2256, 0.5844, 0.9072,
         0.6279],
        [0.8269, 0.9132, 0.7647, 0.9492, 1.0000, 0.7286, 0.2363, 0.5857, 0.8807,
         0.6002],
        [0.6365, 0.6706, 0.6501, 0.7078, 0.7286, 1.0000, 0.3503, 0.5653, 0.6946,
         0.6709],
        [0.2162, 0.1972, 0.3006, 0.2256, 0.2363, 0.3503, 1.0000, 0.4394, 0.2653,
         0.4403],
        [0.5463, 0.5923, 0.7308, 0.5844, 0.5857, 0.5653, 0.4394, 1.0000, 0.6673,
         0.4260],
        [0.8281, 0.8918, 0.8292, 0.9072, 0.8807, 0.6946, 0.2653, 0.6673, 1.0000,
         0.6435],
        [0.6404, 0.5979, 0.5560, 0.6279, 0.6002, 0.6709, 0.4403, 0.4260, 0.6435,
         1.0000]])
NCI1_Selftraining_sim_200
               best_test_acc  final_test_acc  final_best_test_acc
0-NCI1-normal       0.729915        0.666647             0.693447
1-NCI1-normal       0.744284        0.683456             0.669057
2-NCI1-normal       0.776051        0.742022             0.759066
3-NCI1-normal       0.744490        0.707993             0.700646
4-NCI1-normal       0.754187        0.683661             0.700676
5-NCI1-normal       0.688657        0.644902             0.639935
6-NCI1-normal       0.785748        0.749251             0.749251
7-NCI1-normal       0.746929        0.683573             0.686247
8-NCI1-normal       0.766412        0.712783             0.737202
9-NCI1-normal       0.751748        0.644755             0.690890
mean                0.748842        0.691904             0.702642
std                 0.015907        0.022675             0.014561
Done

Done setting up devices.
NCI1_FedAvg_sim_200
               best_test_acc  final_test_acc  final_best_test_acc
0-NCI1-normal       0.744578        0.722627             0.734822
1-NCI1-normal       0.729768        0.703086             0.707905
2-NCI1-normal       0.710403        0.681193             0.693388
3-NCI1-normal       0.720335        0.705730             0.708140
4-NCI1-normal       0.734852        0.703232             0.715398
5-NCI1-normal       0.744343        0.727299             0.724860
6-NCI1-normal       0.742051        0.717661             0.727417
7-NCI1-normal       0.727329        0.690743             0.695739
8-NCI1-normal       0.712753        0.688481             0.693329
9-NCI1-normal       0.720335        0.691155             0.686247
mean                0.728675        0.703121             0.708725
std                 0.010006        0.010734             0.010397
Done

Done setting up devices.
average client graph
tensor([[0.1000, 0.1000, 0.1000, 0.1000, 0.1000, 0.1000, 0.1000, 0.1000, 0.1000,
         0.1000],
        [0.1000, 0.1000, 0.1000, 0.1000, 0.1000, 0.1000, 0.1000, 0.1000, 0.1000,
         0.1000],
        [0.1000, 0.1000, 0.1000, 0.1000, 0.1000, 0.1000, 0.1000, 0.1000, 0.1000,
         0.1000],
        [0.1000, 0.1000, 0.1000, 0.1000, 0.1000, 0.1000, 0.1000, 0.1000, 0.1000,
         0.1000],
        [0.1000, 0.1000, 0.1000, 0.1000, 0.1000, 0.1000, 0.1000, 0.1000, 0.1000,
         0.1000],
        [0.1000, 0.1000, 0.1000, 0.1000, 0.1000, 0.1000, 0.1000, 0.1000, 0.1000,
         0.1000],
        [0.1000, 0.1000, 0.1000, 0.1000, 0.1000, 0.1000, 0.1000, 0.1000, 0.1000,
         0.1000],
        [0.1000, 0.1000, 0.1000, 0.1000, 0.1000, 0.1000, 0.1000, 0.1000, 0.1000,
         0.1000],
        [0.1000, 0.1000, 0.1000, 0.1000, 0.1000, 0.1000, 0.1000, 0.1000, 0.1000,
         0.1000],
        [0.1000, 0.1000, 0.1000, 0.1000, 0.1000, 0.1000, 0.1000, 0.1000, 0.1000,
         0.1000]])
NCI1_SFL_sim_200
               best_test_acc  final_test_acc  final_best_test_acc
0-NCI1-normal       0.739877        0.710755             0.708228
1-NCI1-normal       0.727505        0.698384             0.710491
2-NCI1-normal       0.746929        0.691214             0.710579
3-NCI1-normal       0.698413        0.661916             0.688657
4-NCI1-normal       0.727535        0.700764             0.712959
5-NCI1-normal       0.729827        0.698178             0.703027
6-NCI1-normal       0.754217        0.732354             0.734822
7-NCI1-normal       0.751778        0.705436             0.702997
8-NCI1-normal       0.773817        0.720159             0.717778
9-NCI1-normal       0.737291        0.703174             0.705642
mean                0.738719        0.702233             0.709518
std                 0.015544        0.018640             0.014556
Done

Done setting up devices.
average client similarity
tensor([[1.0000, 0.8531, 0.8720, 0.8804, 0.8771, 0.8610, 0.8849, 0.8790, 0.8671,
         0.8682, 0.8598, 0.8671],
        [0.8531, 1.0000, 0.8530, 0.8923, 0.8621, 0.8676, 0.8609, 0.8629, 0.8689,
         0.8877, 0.8770, 0.8711],
        [0.8720, 0.8530, 1.0000, 0.8811, 0.8640, 0.8621, 0.8613, 0.8750, 0.8729,
         0.8818, 0.8763, 0.8723],
        [0.8804, 0.8923, 0.8811, 1.0000, 0.8814, 0.8912, 0.8842, 0.8899, 0.9018,
         0.8941, 0.8939, 0.9110],
        [0.8771, 0.8621, 0.8640, 0.8814, 1.0000, 0.8576, 0.8662, 0.8570, 0.8690,
         0.8689, 0.8492, 0.8698],
        [0.8610, 0.8676, 0.8621, 0.8912, 0.8576, 1.0000, 0.8729, 0.8694, 0.8824,
         0.8719, 0.8691, 0.8794],
        [0.8849, 0.8609, 0.8613, 0.8842, 0.8662, 0.8729, 1.0000, 0.8932, 0.8867,
         0.8837, 0.8776, 0.8929],
        [0.8790, 0.8629, 0.8750, 0.8899, 0.8570, 0.8694, 0.8932, 1.0000, 0.8930,
         0.8952, 0.8826, 0.9068],
        [0.8671, 0.8689, 0.8729, 0.9018, 0.8690, 0.8824, 0.8867, 0.8930, 1.0000,
         0.8911, 0.8890, 0.9041],
        [0.8682, 0.8877, 0.8818, 0.8941, 0.8689, 0.8719, 0.8837, 0.8952, 0.8911,
         1.0000, 0.8868, 0.8995],
        [0.8598, 0.8770, 0.8763, 0.8939, 0.8492, 0.8691, 0.8776, 0.8826, 0.8890,
         0.8868, 1.0000, 0.8979],
        [0.8671, 0.8711, 0.8723, 0.9110, 0.8698, 0.8794, 0.8929, 0.9068, 0.9041,
         0.8995, 0.8979, 1.0000]])
average embedding similarity
tensor([[1.0000, 0.9618, 0.9096, 0.8918, 0.9041, 0.9852, 0.8827, 0.8603, 0.6937,
         0.9263, 0.8719, 0.9127],
        [0.9618, 1.0000, 0.8699, 0.9371, 0.8910, 0.9639, 0.8984, 0.9144, 0.7802,
         0.9638, 0.9351, 0.9234],
        [0.9096, 0.8699, 1.0000, 0.8167, 0.8749, 0.8812, 0.7569, 0.7548, 0.6022,
         0.8197, 0.7504, 0.7879],
        [0.8918, 0.9371, 0.8167, 1.0000, 0.8867, 0.8942, 0.8369, 0.8456, 0.7930,
         0.8804, 0.8853, 0.8468],
        [0.9041, 0.8910, 0.8749, 0.8867, 1.0000, 0.8884, 0.8001, 0.7737, 0.7185,
         0.8313, 0.8035, 0.8216],
        [0.9852, 0.9639, 0.8812, 0.8942, 0.8884, 1.0000, 0.9335, 0.8892, 0.7138,
         0.9419, 0.9025, 0.9523],
        [0.8827, 0.8984, 0.7569, 0.8369, 0.8001, 0.9335, 1.0000, 0.9143, 0.7460,
         0.9229, 0.9268, 0.9877],
        [0.8603, 0.9144, 0.7548, 0.8456, 0.7737, 0.8892, 0.9143, 1.0000, 0.7972,
         0.9496, 0.9563, 0.9327],
        [0.6937, 0.7802, 0.6022, 0.7930, 0.7185, 0.7138, 0.7460, 0.7972, 1.0000,
         0.7908, 0.8394, 0.7616],
        [0.9263, 0.9638, 0.8197, 0.8804, 0.8313, 0.9419, 0.9229, 0.9496, 0.7908,
         1.0000, 0.9582, 0.9463],
        [0.8719, 0.9351, 0.7504, 0.8853, 0.8035, 0.9025, 0.9268, 0.9563, 0.8394,
         0.9582, 1.0000, 0.9414],
        [0.9127, 0.9234, 0.7879, 0.8468, 0.8216, 0.9523, 0.9877, 0.9327, 0.7616,
         0.9463, 0.9414, 1.0000]])
average client similarity
tensor([[1.0000, 0.8599, 0.8561, 0.8906, 0.8650, 0.8583, 0.8913, 0.8858, 0.8638,
         0.8843, 0.8807, 0.8565],
        [0.8599, 1.0000, 0.8458, 0.8794, 0.8714, 0.8797, 0.8749, 0.8685, 0.8610,
         0.8715, 0.8674, 0.8571],
        [0.8561, 0.8458, 1.0000, 0.8627, 0.8664, 0.8643, 0.8705, 0.8861, 0.8481,
         0.8525, 0.8732, 0.8841],
        [0.8906, 0.8794, 0.8627, 1.0000, 0.8687, 0.8817, 0.9057, 0.8874, 0.8775,
         0.8931, 0.8879, 0.8769],
        [0.8650, 0.8714, 0.8664, 0.8687, 1.0000, 0.8744, 0.8901, 0.8839, 0.8576,
         0.8599, 0.8670, 0.8732],
        [0.8583, 0.8797, 0.8643, 0.8817, 0.8744, 1.0000, 0.8863, 0.8742, 0.8635,
         0.8766, 0.8882, 0.8711],
        [0.8913, 0.8749, 0.8705, 0.9057, 0.8901, 0.8863, 1.0000, 0.9153, 0.9020,
         0.8909, 0.9042, 0.8901],
        [0.8858, 0.8685, 0.8861, 0.8874, 0.8839, 0.8742, 0.9153, 1.0000, 0.8835,
         0.8858, 0.8945, 0.8921],
        [0.8638, 0.8610, 0.8481, 0.8775, 0.8576, 0.8635, 0.9020, 0.8835, 1.0000,
         0.8684, 0.8687, 0.8677],
        [0.8843, 0.8715, 0.8525, 0.8931, 0.8599, 0.8766, 0.8909, 0.8858, 0.8684,
         1.0000, 0.8998, 0.8896],
        [0.8807, 0.8674, 0.8732, 0.8879, 0.8670, 0.8882, 0.9042, 0.8945, 0.8687,
         0.8998, 1.0000, 0.9003],
        [0.8565, 0.8571, 0.8841, 0.8769, 0.8732, 0.8711, 0.8901, 0.8921, 0.8677,
         0.8896, 0.9003, 1.0000]])
average embedding similarity
tensor([[1.0000, 0.5065, 0.7177, 0.6900, 0.7601, 0.7330, 0.6858, 0.5955, 0.6641,
         0.5888, 0.6475, 0.6975],
        [0.5065, 1.0000, 0.3095, 0.4357, 0.5458, 0.3755, 0.3369, 0.4493, 0.3317,
         0.4847, 0.3467, 0.3441],
        [0.7177, 0.3095, 1.0000, 0.8948, 0.7211, 0.9478, 0.9156, 0.7897, 0.9056,
         0.7855, 0.8765, 0.9309],
        [0.6900, 0.4357, 0.8948, 1.0000, 0.7475, 0.9535, 0.9279, 0.9329, 0.9098,
         0.9374, 0.9232, 0.9317],
        [0.7601, 0.5458, 0.7211, 0.7475, 1.0000, 0.7488, 0.7011, 0.6341, 0.6789,
         0.6717, 0.6698, 0.7144],
        [0.7330, 0.3755, 0.9478, 0.9535, 0.7488, 1.0000, 0.9559, 0.8734, 0.9306,
         0.8622, 0.9342, 0.9588],
