Output Path: ./outputs/seqLen10/multiDS-nonOverlap/NCI1/eps_0.01_0.1
Preparing data (original features) ...
Done

Done setting up devices.
average client similarity
tensor([[1.0000, 0.5948],
        [0.5948, 1.0000]])
average embedding similarity
tensor([[1.0000, 0.4125],
        [0.4125, 1.0000]])
average client similarity
tensor([[1.0000, 0.5590],
        [0.5590, 1.0000]])
average embedding similarity
tensor([[1.0000, 0.5412],
        [0.5412, 1.0000]])
average client similarity
tensor([[1.0000, 0.5589],
        [0.5589, 1.0000]])
average embedding similarity
tensor([[1.0000, 0.8632],
        [0.8632, 1.0000]])
average client similarity
tensor([[1.0000, 0.5895],
        [0.5895, 1.0000]])
average embedding similarity
tensor([[1.0000, 0.2916],
        [0.2916, 1.0000]])
average client similarity
tensor([[1.0000, 0.5959],
        [0.5959, 1.0000]])
average embedding similarity
tensor([[1.0000, 0.4475],
        [0.4475, 1.0000]])
NCI1_Selftraining_sim_200
               best_test_acc  final_test_acc  final_best_test_acc
0-NCI1-normal       0.809732        0.793674             0.799027
1-NCI1-normal       0.781509        0.762530             0.772263
mean                0.795620        0.778102             0.785645
std                 0.011203        0.013094             0.011240
Done

Done setting up devices.
NCI1_FedAvg_sim_200
               best_test_acc  final_test_acc  final_best_test_acc
0-NCI1-normal       0.737713        0.641849             0.690998
1-NCI1-normal       0.727981        0.708516             0.694404
mean                0.732847        0.675182             0.692701
std                 0.010538        0.023274             0.012842
Done

Done setting up devices.
average client graph
tensor([[0.5000, 0.5000],
        [0.5000, 0.5000]])
NCI1_SFL_sim_200
               best_test_acc  final_test_acc  final_best_test_acc
0-NCI1-normal       0.739173        0.683698             0.689538
1-NCI1-normal       0.752311        0.714355             0.724574
mean                0.745742        0.699027             0.707056
std                 0.016430        0.017690             0.017820
Done

Done setting up devices.
average client similarity
tensor([[1.0000, 0.7338, 0.6526, 0.6775],
        [0.7338, 1.0000, 0.6632, 0.6777],
        [0.6526, 0.6632, 1.0000, 0.7526],
        [0.6775, 0.6777, 0.7526, 1.0000]])
average embedding similarity
tensor([[1.0000, 0.4674, 0.2524, 0.2550],
        [0.4674, 1.0000, 0.5690, 0.5996],
        [0.2524, 0.5690, 1.0000, 0.5796],
        [0.2550, 0.5996, 0.5796, 1.0000]])
average client similarity
tensor([[1.0000, 0.7563, 0.6642, 0.6682],
        [0.7563, 1.0000, 0.6840, 0.6668],
        [0.6642, 0.6840, 1.0000, 0.7597],
        [0.6682, 0.6668, 0.7597, 1.0000]])
average embedding similarity
tensor([[1.0000, 0.9528, 0.3052, 0.8801],
        [0.9528, 1.0000, 0.2691, 0.8452],
        [0.3052, 0.2691, 1.0000, 0.3447],
        [0.8801, 0.8452, 0.3447, 1.0000]])
average client similarity
tensor([[1.0000, 0.7752, 0.6752, 0.6897],
        [0.7752, 1.0000, 0.6685, 0.6698],
        [0.6752, 0.6685, 1.0000, 0.7611],
        [0.6897, 0.6698, 0.7611, 1.0000]])
average embedding similarity
tensor([[1.0000, 0.3482, 0.5243, 0.1147],
        [0.3482, 1.0000, 0.4486, 0.6424],
        [0.5243, 0.4486, 1.0000, 0.4616],
        [0.1147, 0.6424, 0.4616, 1.0000]])
average client similarity
tensor([[1.0000, 0.7563, 0.6925, 0.6907],
        [0.7563, 1.0000, 0.6469, 0.6518],
        [0.6925, 0.6469, 1.0000, 0.7608],
        [0.6907, 0.6518, 0.7608, 1.0000]])
average embedding similarity
tensor([[1.0000, 0.2002, 0.7547, 0.1520],
        [0.2002, 1.0000, 0.1791, 0.8209],
        [0.7547, 0.1791, 1.0000, 0.3450],
        [0.1520, 0.8209, 0.3450, 1.0000]])
average client similarity
tensor([[1.0000, 0.7578, 0.6856, 0.6608],
        [0.7578, 1.0000, 0.6748, 0.6714],
        [0.6856, 0.6748, 1.0000, 0.7824],
        [0.6608, 0.6714, 0.7824, 1.0000]])
average embedding similarity
tensor([[1.0000, 0.9616, 0.7781, 0.8441],
        [0.9616, 1.0000, 0.7577, 0.8540],
        [0.7781, 0.7577, 1.0000, 0.8623],
        [0.8441, 0.8540, 0.8623, 1.0000]])
NCI1_Selftraining_sim_200
               best_test_acc  final_test_acc  final_best_test_acc
0-NCI1-normal       0.806427        0.780161             0.786971
1-NCI1-normal       0.792631        0.769254             0.770230
2-NCI1-normal       0.774303        0.741222             0.762614
3-NCI1-normal       0.781871        0.762392             0.765318
mean                0.788808        0.763257             0.771283
std                 0.005619        0.007936             0.008380
Done

Done setting up devices.
NCI1_FedAvg_sim_200
               best_test_acc  final_test_acc  final_best_test_acc
0-NCI1-normal       0.694582        0.652726             0.667327
1-NCI1-normal       0.728383        0.690400             0.704021
2-NCI1-normal       0.746062        0.715922             0.731466
3-NCI1-normal       0.722505        0.691343             0.699110
mean                0.722883        0.687598             0.700481
std                 0.007719        0.009597             0.009822
Done

Done setting up devices.
average client graph
tensor([[0.2500, 0.2500, 0.2500, 0.2500],
        [0.2500, 0.2500, 0.2500, 0.2500],
        [0.2500, 0.2500, 0.2500, 0.2500],
        [0.2500, 0.2500, 0.2500, 0.2500]])
NCI1_SFL_sim_200
               best_test_acc  final_test_acc  final_best_test_acc
0-NCI1-normal       0.730457        0.627426             0.625475
1-NCI1-normal       0.725423        0.637765             0.644584
2-NCI1-normal       0.750973        0.722737             0.727611
3-NCI1-normal       0.753654        0.731267             0.737111
mean                0.740127        0.679799             0.683695
std                 0.014480        0.013923             0.016840
Done

Done setting up devices.
average client similarity
tensor([[1.0000, 0.7987, 0.7942, 0.7898, 0.7502, 0.7793],
        [0.7987, 1.0000, 0.7880, 0.7595, 0.7382, 0.7728],
        [0.7942, 0.7880, 1.0000, 0.7639, 0.7408, 0.7677],
        [0.7898, 0.7595, 0.7639, 1.0000, 0.7882, 0.8174],
        [0.7502, 0.7382, 0.7408, 0.7882, 1.0000, 0.8047],
        [0.7793, 0.7728, 0.7677, 0.8174, 0.8047, 1.0000]])
average embedding similarity
tensor([[1.0000, 0.9618, 0.4470, 0.8840, 0.8960, 0.9406],
        [0.9618, 1.0000, 0.4210, 0.8216, 0.7982, 0.8894],
        [0.4470, 0.4210, 1.0000, 0.4486, 0.3782, 0.3809],
        [0.8840, 0.8216, 0.4486, 1.0000, 0.8786, 0.9318],
        [0.8960, 0.7982, 0.3782, 0.8786, 1.0000, 0.9492],
        [0.9406, 0.8894, 0.3809, 0.9318, 0.9492, 1.0000]])
average client similarity
tensor([[1.0000, 0.7943, 0.8025, 0.7953, 0.7856, 0.7544],
        [0.7943, 1.0000, 0.8111, 0.7713, 0.7572, 0.7705],
        [0.8025, 0.8111, 1.0000, 0.7772, 0.7870, 0.7473],
        [0.7953, 0.7713, 0.7772, 1.0000, 0.8028, 0.7964],
        [0.7856, 0.7572, 0.7870, 0.8028, 1.0000, 0.7634],
        [0.7544, 0.7705, 0.7473, 0.7964, 0.7634, 1.0000]])
average embedding similarity
tensor([[1.0000, 0.9886, 0.5632, 0.6436, 0.5901, 0.9156],
        [0.9886, 1.0000, 0.5580, 0.6392, 0.5744, 0.9060],
        [0.5632, 0.5580, 1.0000, 0.7260, 0.7784, 0.4721],
        [0.6436, 0.6392, 0.7260, 1.0000, 0.7210, 0.6600],
        [0.5901, 0.5744, 0.7784, 0.7210, 1.0000, 0.6505],
        [0.9156, 0.9060, 0.4721, 0.6600, 0.6505, 1.0000]])
average client similarity
tensor([[1.0000, 0.8019, 0.8095, 0.7676, 0.7643, 0.7851],
        [0.8019, 1.0000, 0.7780, 0.7589, 0.7397, 0.7761],
        [0.8095, 0.7780, 1.0000, 0.7352, 0.7423, 0.7555],
        [0.7676, 0.7589, 0.7352, 1.0000, 0.7849, 0.7923],
        [0.7643, 0.7397, 0.7423, 0.7849, 1.0000, 0.7959],
        [0.7851, 0.7761, 0.7555, 0.7923, 0.7959, 1.0000]])
average embedding similarity
tensor([[1.0000, 0.6038, 0.6720, 0.6704, 0.6178, 0.5274],
        [0.6038, 1.0000, 0.3620, 0.6893, 0.6443, 0.9124],
        [0.6720, 0.3620, 1.0000, 0.5071, 0.5843, 0.3396],
        [0.6704, 0.6893, 0.5071, 1.0000, 0.6013, 0.7080],
        [0.6178, 0.6443, 0.5843, 0.6013, 1.0000, 0.7182],
        [0.5274, 0.9124, 0.3396, 0.7080, 0.7182, 1.0000]])
average client similarity
tensor([[1.0000, 0.8061, 0.8084, 0.7814, 0.7426, 0.7777],
        [0.8061, 1.0000, 0.8197, 0.7809, 0.7551, 0.7479],
        [0.8084, 0.8197, 1.0000, 0.7795, 0.7504, 0.7855],
        [0.7814, 0.7809, 0.7795, 1.0000, 0.7953, 0.8295],
        [0.7426, 0.7551, 0.7504, 0.7953, 1.0000, 0.7778],
        [0.7777, 0.7479, 0.7855, 0.8295, 0.7778, 1.0000]])
average embedding similarity
tensor([[1.0000, 0.9594, 0.4473, 0.8524, 0.7206, 0.5513],
        [0.9594, 1.0000, 0.4038, 0.8276, 0.7264, 0.4752],
        [0.4473, 0.4038, 1.0000, 0.4107, 0.4566, 0.5774],
        [0.8524, 0.8276, 0.4107, 1.0000, 0.7662, 0.7344],
        [0.7206, 0.7264, 0.4566, 0.7662, 1.0000, 0.5503],
        [0.5513, 0.4752, 0.5774, 0.7344, 0.5503, 1.0000]])
average client similarity
tensor([[1.0000, 0.7992, 0.8360, 0.7897, 0.7633, 0.7886],
        [0.7992, 1.0000, 0.8074, 0.7630, 0.7409, 0.7637],
        [0.8360, 0.8074, 1.0000, 0.7898, 0.7660, 0.7753],
        [0.7897, 0.7630, 0.7898, 1.0000, 0.8163, 0.8173],
        [0.7633, 0.7409, 0.7660, 0.8163, 1.0000, 0.7959],
        [0.7886, 0.7637, 0.7753, 0.8173, 0.7959, 1.0000]])
average embedding similarity
tensor([[1.0000, 0.8056, 0.9051, 0.7297, 0.7167, 0.7138],
        [0.8056, 1.0000, 0.7610, 0.6018, 0.4900, 0.8596],
        [0.9051, 0.7610, 1.0000, 0.7049, 0.7409, 0.6601],
        [0.7297, 0.6018, 0.7049, 1.0000, 0.8022, 0.6801],
        [0.7167, 0.4900, 0.7409, 0.8022, 1.0000, 0.5881],
        [0.7138, 0.8596, 0.6601, 0.6801, 0.5881, 1.0000]])
NCI1_Selftraining_sim_200
               best_test_acc  final_test_acc  final_best_test_acc
0-NCI1-normal       0.795620        0.775182             0.764964
1-NCI1-normal       0.779562        0.747445             0.754745
2-NCI1-normal       0.778102        0.757664             0.762044
3-NCI1-normal       0.788321        0.757664             0.772263
4-NCI1-normal       0.789781        0.757664             0.766423
5-NCI1-normal       0.786861        0.756204             0.763504
mean                0.786375        0.758637             0.763990
std                 0.009690        0.006645             0.011016
Done

Done setting up devices.
NCI1_FedAvg_sim_200
               best_test_acc  final_test_acc  final_best_test_acc
0-NCI1-normal       0.703650        0.607299             0.652555
1-NCI1-normal       0.675912        0.605839             0.629197
2-NCI1-normal       0.683212        0.618978             0.651095
3-NCI1-normal       0.750365        0.706569             0.703650
4-NCI1-normal       0.741606        0.706569             0.709489
5-NCI1-normal       0.731387        0.703650             0.683212
mean                0.714355        0.658151             0.671533
std                 0.009835        0.004284             0.011870
Done

Done setting up devices.
average client graph
tensor([[0.1667, 0.1667, 0.1667, 0.1667, 0.1667, 0.1667],
        [0.1667, 0.1667, 0.1667, 0.1667, 0.1667, 0.1667],
        [0.1667, 0.1667, 0.1667, 0.1667, 0.1667, 0.1667],
        [0.1667, 0.1667, 0.1667, 0.1667, 0.1667, 0.1667],
        [0.1667, 0.1667, 0.1667, 0.1667, 0.1667, 0.1667],
        [0.1667, 0.1667, 0.1667, 0.1667, 0.1667, 0.1667]])
NCI1_SFL_sim_200
               best_test_acc  final_test_acc  final_best_test_acc
0-NCI1-normal       0.687591        0.645255             0.664234
1-NCI1-normal       0.646715        0.597080             0.605839
2-NCI1-normal       0.684672        0.643796             0.662774
3-NCI1-normal       0.756204        0.734307             0.732847
4-NCI1-normal       0.740146        0.693431             0.699270
5-NCI1-normal       0.732847        0.689051             0.690511
mean                0.708029        0.667153             0.675912
std                 0.016874        0.023345             0.025456
Done

Done setting up devices.
average client similarity
tensor([[1.0000, 0.8192, 0.8544, 0.8164, 0.7818, 0.7804, 0.7749, 0.7750],
        [0.8192, 1.0000, 0.8487, 0.8117, 0.7980, 0.7733, 0.7813, 0.7779],
        [0.8544, 0.8487, 1.0000, 0.8332, 0.7996, 0.7894, 0.7856, 0.7787],
        [0.8164, 0.8117, 0.8332, 1.0000, 0.7811, 0.7756, 0.7837, 0.7696],
        [0.7818, 0.7980, 0.7996, 0.7811, 1.0000, 0.8234, 0.8244, 0.8253],
        [0.7804, 0.7733, 0.7894, 0.7756, 0.8234, 1.0000, 0.8231, 0.8276],
        [0.7749, 0.7813, 0.7856, 0.7837, 0.8244, 0.8231, 1.0000, 0.8530],
        [0.7750, 0.7779, 0.7787, 0.7696, 0.8253, 0.8276, 0.8530, 1.0000]])
average embedding similarity
tensor([[1.0000, 0.9386, 0.9862, 0.9461, 0.5868, 0.7646, 0.6697, 0.6623],
        [0.9386, 1.0000, 0.9404, 0.9902, 0.5191, 0.7591, 0.6436, 0.6793],
        [0.9862, 0.9404, 1.0000, 0.9414, 0.5804, 0.7862, 0.6735, 0.6673],
        [0.9461, 0.9902, 0.9414, 1.0000, 0.5229, 0.7452, 0.6482, 0.6821],
        [0.5868, 0.5191, 0.5804, 0.5229, 1.0000, 0.7715, 0.7305, 0.7010],
        [0.7646, 0.7591, 0.7862, 0.7452, 0.7715, 1.0000, 0.8562, 0.8499],
        [0.6697, 0.6436, 0.6735, 0.6482, 0.7305, 0.8562, 1.0000, 0.9755],
        [0.6623, 0.6793, 0.6673, 0.6821, 0.7010, 0.8499, 0.9755, 1.0000]])
average client similarity
tensor([[1.0000, 0.8009, 0.8221, 0.8186, 0.7583, 0.7697, 0.7701, 0.7692],
        [0.8009, 1.0000, 0.8255, 0.8126, 0.7851, 0.7787, 0.7765, 0.7749],
        [0.8221, 0.8255, 1.0000, 0.8231, 0.7578, 0.7917, 0.7887, 0.7923],
        [0.8186, 0.8126, 0.8231, 1.0000, 0.7738, 0.8019, 0.7948, 0.8043],
        [0.7583, 0.7851, 0.7578, 0.7738, 1.0000, 0.8152, 0.8170, 0.8234],
        [0.7697, 0.7787, 0.7917, 0.8019, 0.8152, 1.0000, 0.8522, 0.8547],
        [0.7701, 0.7765, 0.7887, 0.7948, 0.8170, 0.8522, 1.0000, 0.8535],
        [0.7692, 0.7749, 0.7923, 0.8043, 0.8234, 0.8547, 0.8535, 1.0000]])
average embedding similarity
tensor([[1.0000, 0.9325, 0.8955, 0.8845, 0.5294, 0.7599, 0.2717, 0.5614],
        [0.9325, 1.0000, 0.9712, 0.9679, 0.5340, 0.8347, 0.2655, 0.6878],
        [0.8955, 0.9712, 1.0000, 0.9480, 0.5563, 0.8358, 0.2953, 0.7234],
        [0.8845, 0.9679, 0.9480, 1.0000, 0.5483, 0.8539, 0.2858, 0.7227],
        [0.5294, 0.5340, 0.5563, 0.5483, 1.0000, 0.6438, 0.7673, 0.5495],
        [0.7599, 0.8347, 0.8358, 0.8539, 0.6438, 1.0000, 0.4605, 0.8899],
        [0.2717, 0.2655, 0.2953, 0.2858, 0.7673, 0.4605, 1.0000, 0.5588],
        [0.5614, 0.6878, 0.7234, 0.7227, 0.5495, 0.8899, 0.5588, 1.0000]])
average client similarity
tensor([[1.0000, 0.8277, 0.8504, 0.8294, 0.7939, 0.8059, 0.8017, 0.8000],
        [0.8277, 1.0000, 0.8386, 0.8256, 0.7923, 0.7710, 0.7943, 0.7745],
        [0.8504, 0.8386, 1.0000, 0.8247, 0.7865, 0.7922, 0.8125, 0.7853],
        [0.8294, 0.8256, 0.8247, 1.0000, 0.8097, 0.8008, 0.8068, 0.8034],
        [0.7939, 0.7923, 0.7865, 0.8097, 1.0000, 0.8590, 0.8293, 0.8444],
        [0.8059, 0.7710, 0.7922, 0.8008, 0.8590, 1.0000, 0.8362, 0.8286],
        [0.8017, 0.7943, 0.8125, 0.8068, 0.8293, 0.8362, 1.0000, 0.8303],
        [0.8000, 0.7745, 0.7853, 0.8034, 0.8444, 0.8286, 0.8303, 1.0000]])
average embedding similarity
tensor([[1.0000, 0.9873, 0.9901, 0.9032, 0.6454, 0.7707, 0.6077, 0.7923],
        [0.9873, 1.0000, 0.9764, 0.8918, 0.6434, 0.7774, 0.5919, 0.8109],
        [0.9901, 0.9764, 1.0000, 0.8995, 0.6435, 0.7643, 0.6076, 0.7860],
        [0.9032, 0.8918, 0.8995, 1.0000, 0.5834, 0.7192, 0.5628, 0.7462],
        [0.6454, 0.6434, 0.6435, 0.5834, 1.0000, 0.8911, 0.8664, 0.8030],
        [0.7707, 0.7774, 0.7643, 0.7192, 0.8911, 1.0000, 0.7668, 0.9169],
        [0.6077, 0.5919, 0.6076, 0.5628, 0.8664, 0.7668, 1.0000, 0.7308],
        [0.7923, 0.8109, 0.7860, 0.7462, 0.8030, 0.9169, 0.7308, 1.0000]])
average client similarity
tensor([[1.0000, 0.8194, 0.8485, 0.7976, 0.7630, 0.7696, 0.7875, 0.7850],
        [0.8194, 1.0000, 0.8170, 0.7941, 0.7707, 0.7781, 0.7984, 0.7877],
        [0.8485, 0.8170, 1.0000, 0.8250, 0.7819, 0.7789, 0.8044, 0.8035],
        [0.7976, 0.7941, 0.8250, 1.0000, 0.7434, 0.7612, 0.7799, 0.7833],
        [0.7630, 0.7707, 0.7819, 0.7434, 1.0000, 0.8006, 0.8057, 0.8201],
        [0.7696, 0.7781, 0.7789, 0.7612, 0.8006, 1.0000, 0.8275, 0.8394],
        [0.7875, 0.7984, 0.8044, 0.7799, 0.8057, 0.8275, 1.0000, 0.8541],
        [0.7850, 0.7877, 0.8035, 0.7833, 0.8201, 0.8394, 0.8541, 1.0000]])
average embedding similarity
tensor([[1.0000, 0.9033, 0.8960, 0.9006, 0.1106, 0.6306, 0.7340, 0.5638],
        [0.9033, 1.0000, 0.9797, 0.9783, 0.0806, 0.7024, 0.7889, 0.5818],
        [0.8960, 0.9797, 1.0000, 0.9617, 0.0641, 0.6764, 0.7707, 0.5721],
        [0.9006, 0.9783, 0.9617, 1.0000, 0.0611, 0.6716, 0.7538, 0.5406],
        [0.1106, 0.0806, 0.0641, 0.0611, 1.0000, 0.3719, 0.3070, 0.4743],
        [0.6306, 0.7024, 0.6764, 0.6716, 0.3719, 1.0000, 0.8924, 0.8932],
        [0.7340, 0.7889, 0.7707, 0.7538, 0.3070, 0.8924, 1.0000, 0.7928],
        [0.5638, 0.5818, 0.5721, 0.5406, 0.4743, 0.8932, 0.7928, 1.0000]])
average client similarity
tensor([[1.0000, 0.8126, 0.8143, 0.8037, 0.7805, 0.7574, 0.7924, 0.7773],
        [0.8126, 1.0000, 0.8278, 0.8308, 0.7829, 0.7874, 0.7925, 0.7887],
        [0.8143, 0.8278, 1.0000, 0.8260, 0.7652, 0.7711, 0.7821, 0.7686],
        [0.8037, 0.8308, 0.8260, 1.0000, 0.7618, 0.7685, 0.7815, 0.7754],
        [0.7805, 0.7829, 0.7652, 0.7618, 1.0000, 0.8014, 0.8457, 0.8289],
        [0.7574, 0.7874, 0.7711, 0.7685, 0.8014, 1.0000, 0.8278, 0.8221],
        [0.7924, 0.7925, 0.7821, 0.7815, 0.8457, 0.8278, 1.0000, 0.8585],
        [0.7773, 0.7887, 0.7686, 0.7754, 0.8289, 0.8221, 0.8585, 1.0000]])
average embedding similarity
tensor([[1.0000, 0.6332, 0.6833, 0.6462, 0.4806, 0.5261, 0.5360, 0.5071],
        [0.6332, 1.0000, 0.9839, 0.9409, 0.7794, 0.8451, 0.6240, 0.8076],
        [0.6833, 0.9839, 1.0000, 0.9700, 0.7841, 0.8549, 0.6624, 0.8206],
        [0.6462, 0.9409, 0.9700, 1.0000, 0.7527, 0.8357, 0.6250, 0.7997],
        [0.4806, 0.7794, 0.7841, 0.7527, 1.0000, 0.9398, 0.8292, 0.9688],
        [0.5261, 0.8451, 0.8549, 0.8357, 0.9398, 1.0000, 0.7795, 0.9674],
        [0.5360, 0.6240, 0.6624, 0.6250, 0.8292, 0.7795, 1.0000, 0.8279],
        [0.5071, 0.8076, 0.8206, 0.7997, 0.9688, 0.9674, 0.8279, 1.0000]])
NCI1_Selftraining_sim_200
               best_test_acc  final_test_acc  final_best_test_acc
0-NCI1-normal       0.797601        0.733467             0.766457
1-NCI1-normal       0.799562        0.768418             0.774243
2-NCI1-normal       0.815172        0.784066             0.784047
3-NCI1-normal       0.814906        0.785684             0.777936
4-NCI1-normal       0.774377        0.731582             0.729602
5-NCI1-normal       0.782105        0.749020             0.758804
6-NCI1-normal       0.772340        0.721740             0.721702
7-NCI1-normal       0.797259        0.771959             0.769998
mean                0.794165        0.755742             0.760349
std                 0.007560        0.010077             0.012381
Done

Done setting up devices.
NCI1_FedAvg_sim_200
               best_test_acc  final_test_acc  final_best_test_acc
0-NCI1-normal       0.700400        0.579821             0.622673
1-NCI1-normal       0.714087        0.644070             0.669408
2-NCI1-normal       0.698439        0.574034             0.601294
3-NCI1-normal       0.699810        0.608053             0.625547
4-NCI1-normal       0.739425        0.696630             0.688787
5-NCI1-normal       0.754921        0.714030             0.708186
6-NCI1-normal       0.745174        0.690748             0.682924
7-NCI1-normal       0.756292        0.728993             0.705616
mean                0.726068        0.654547             0.663054
std                 0.009046        0.015466             0.012693
Done

Done setting up devices.
average client graph
tensor([[0.1250, 0.1250, 0.1250, 0.1250, 0.1250, 0.1250, 0.1250, 0.1250],
        [0.1250, 0.1250, 0.1250, 0.1250, 0.1250, 0.1250, 0.1250, 0.1250],
        [0.1250, 0.1250, 0.1250, 0.1250, 0.1250, 0.1250, 0.1250, 0.1250],
        [0.1250, 0.1250, 0.1250, 0.1250, 0.1250, 0.1250, 0.1250, 0.1250],
        [0.1250, 0.1250, 0.1250, 0.1250, 0.1250, 0.1250, 0.1250, 0.1250],
        [0.1250, 0.1250, 0.1250, 0.1250, 0.1250, 0.1250, 0.1250, 0.1250],
        [0.1250, 0.1250, 0.1250, 0.1250, 0.1250, 0.1250, 0.1250, 0.1250],
        [0.1250, 0.1250, 0.1250, 0.1250, 0.1250, 0.1250, 0.1250, 0.1250]])
NCI1_SFL_sim_200
               best_test_acc  final_test_acc  final_best_test_acc
0-NCI1-normal       0.636246        0.595374             0.616809
1-NCI1-normal       0.640110        0.558329             0.601199
2-NCI1-normal       0.593432        0.534894             0.560346
3-NCI1-normal       0.633714        0.583000             0.620027
4-NCI1-normal       0.741253        0.706263             0.698458
5-NCI1-normal       0.754940        0.719951             0.710242
6-NCI1-normal       0.764687        0.747173             0.731601
7-NCI1-normal       0.769846        0.736665             0.724995
mean                0.691779        0.647706             0.657960
std                 0.016857        0.013264             0.020544
Done

Done setting up devices.
average client similarity
tensor([[1.0000, 0.8374, 0.8468, 0.8524, 0.8407, 0.8161, 0.8440, 0.8162, 0.8091,
         0.8119],
        [0.8374, 1.0000, 0.8466, 0.8507, 0.8359, 0.8168, 0.8250, 0.8058, 0.8166,
         0.8217],
        [0.8468, 0.8466, 1.0000, 0.8398, 0.8307, 0.8319, 0.8185, 0.8002, 0.8083,
         0.8081],
        [0.8524, 0.8507, 0.8398, 1.0000, 0.8460, 0.8182, 0.8309, 0.8082, 0.8100,
         0.8004],
        [0.8407, 0.8359, 0.8307, 0.8460, 1.0000, 0.8177, 0.8414, 0.8125, 0.8254,
         0.8201],
        [0.8161, 0.8168, 0.8319, 0.8182, 0.8177, 1.0000, 0.8462, 0.8359, 0.8285,
         0.8255],
        [0.8440, 0.8250, 0.8185, 0.8309, 0.8414, 0.8462, 1.0000, 0.8536, 0.8454,
         0.8518],
        [0.8162, 0.8058, 0.8002, 0.8082, 0.8125, 0.8359, 0.8536, 1.0000, 0.8483,
         0.8220],
        [0.8091, 0.8166, 0.8083, 0.8100, 0.8254, 0.8285, 0.8454, 0.8483, 1.0000,
         0.8404],
        [0.8119, 0.8217, 0.8081, 0.8004, 0.8201, 0.8255, 0.8518, 0.8220, 0.8404,
         1.0000]])
average embedding similarity
tensor([[1.0000, 0.6245, 0.7156, 0.7849, 0.7125, 0.6589, 0.5807, 0.1678, 0.2065,
         0.4191],
        [0.6245, 1.0000, 0.8669, 0.7766, 0.4552, 0.7021, 0.5712, 0.1739, 0.0707,
         0.6663],
        [0.7156, 0.8669, 1.0000, 0.9296, 0.4276, 0.8354, 0.7157, 0.0430, 0.0626,
         0.5098],
        [0.7849, 0.7766, 0.9296, 1.0000, 0.4915, 0.8924, 0.8358, 0.1192, 0.1370,
         0.5571],
        [0.7125, 0.4552, 0.4276, 0.4915, 1.0000, 0.3582, 0.3365, 0.4949, 0.4091,
         0.4190],
        [0.6589, 0.7021, 0.8354, 0.8924, 0.3582, 1.0000, 0.8811, 0.1916, 0.2146,
         0.6222],
        [0.5807, 0.5712, 0.7157, 0.8358, 0.3365, 0.8811, 1.0000, 0.3385, 0.3471,
         0.6395],
        [0.1678, 0.1739, 0.0430, 0.1192, 0.4949, 0.1916, 0.3385, 1.0000, 0.5503,
         0.5831],
        [0.2065, 0.0707, 0.0626, 0.1370, 0.4091, 0.2146, 0.3471, 0.5503, 1.0000,
         0.2653],
        [0.4191, 0.6663, 0.5098, 0.5571, 0.4190, 0.6222, 0.6395, 0.5831, 0.2653,
         1.0000]])
average client similarity
tensor([[1.0000, 0.8350, 0.8482, 0.8437, 0.8298, 0.8126, 0.8217, 0.8132, 0.8164,
         0.7906],
        [0.8350, 1.0000, 0.8466, 0.8435, 0.8402, 0.8210, 0.8311, 0.8145, 0.8229,
         0.7979],
        [0.8482, 0.8466, 1.0000, 0.8426, 0.8180, 0.8167, 0.8345, 0.8202, 0.8091,
         0.8099],
        [0.8437, 0.8435, 0.8426, 1.0000, 0.8315, 0.7919, 0.8165, 0.8091, 0.7937,
         0.7831],
        [0.8298, 0.8402, 0.8180, 0.8315, 1.0000, 0.7971, 0.8193, 0.8200, 0.8198,
         0.7916],
        [0.8126, 0.8210, 0.8167, 0.7919, 0.7971, 1.0000, 0.8420, 0.8262, 0.8393,
         0.7960],
        [0.8217, 0.8311, 0.8345, 0.8165, 0.8193, 0.8420, 1.0000, 0.8389, 0.8536,
         0.8359],
        [0.8132, 0.8145, 0.8202, 0.8091, 0.8200, 0.8262, 0.8389, 1.0000, 0.8532,
         0.8265],
        [0.8164, 0.8229, 0.8091, 0.7937, 0.8198, 0.8393, 0.8536, 0.8532, 1.0000,
         0.8201],
        [0.7906, 0.7979, 0.8099, 0.7831, 0.7916, 0.7960, 0.8359, 0.8265, 0.8201,
         1.0000]])
average embedding similarity
tensor([[1.0000, 0.4505, 0.4376, 0.4126, 0.8634, 0.3703, 0.3655, 0.2829, 0.6571,
         0.4038],
        [0.4505, 1.0000, 0.9857, 0.9440, 0.4753, 0.8402, 0.8109, 0.0724, 0.2088,
         0.6246],
        [0.4376, 0.9857, 1.0000, 0.9314, 0.4610, 0.8347, 0.8035, 0.0517, 0.1871,
         0.5899],
        [0.4126, 0.9440, 0.9314, 1.0000, 0.4789, 0.8813, 0.8626, 0.1031, 0.2429,
         0.5799],
        [0.8634, 0.4753, 0.4610, 0.4789, 1.0000, 0.4982, 0.5079, 0.2726, 0.6742,
         0.4531],
        [0.3703, 0.8402, 0.8347, 0.8813, 0.4982, 1.0000, 0.9544, 0.2042, 0.3658,
         0.6491],
        [0.3655, 0.8109, 0.8035, 0.8626, 0.5079, 0.9544, 1.0000, 0.2428, 0.4217,
         0.6141],
        [0.2829, 0.0724, 0.0517, 0.1031, 0.2726, 0.2042, 0.2428, 1.0000, 0.6683,
         0.5369],
        [0.6571, 0.2088, 0.1871, 0.2429, 0.6742, 0.3658, 0.4217, 0.6683, 1.0000,
         0.5284],
        [0.4038, 0.6246, 0.5899, 0.5799, 0.4531, 0.6491, 0.6141, 0.5369, 0.5284,
         1.0000]])
average client similarity
tensor([[1.0000, 0.8363, 0.8597, 0.8441, 0.8360, 0.8126, 0.8350, 0.8075, 0.8238,
         0.8087],
        [0.8363, 1.0000, 0.8409, 0.8424, 0.8503, 0.8040, 0.8337, 0.7981, 0.8076,
         0.7831],
        [0.8597, 0.8409, 1.0000, 0.8344, 0.8385, 0.8127, 0.8200, 0.7992, 0.8065,
         0.7943],
        [0.8441, 0.8424, 0.8344, 1.0000, 0.8172, 0.7878, 0.8196, 0.7926, 0.8040,
         0.7896],
        [0.8360, 0.8503, 0.8385, 0.8172, 1.0000, 0.8303, 0.8313, 0.8082, 0.8278,
         0.7967],
        [0.8126, 0.8040, 0.8127, 0.7878, 0.8303, 1.0000, 0.8397, 0.8266, 0.8268,
         0.8130],
        [0.8350, 0.8337, 0.8200, 0.8196, 0.8313, 0.8397, 1.0000, 0.8370, 0.8481,
         0.8190],
        [0.8075, 0.7981, 0.7992, 0.7926, 0.8082, 0.8266, 0.8370, 1.0000, 0.8346,
         0.8220],
        [0.8238, 0.8076, 0.8065, 0.8040, 0.8278, 0.8268, 0.8481, 0.8346, 1.0000,
         0.8119],
        [0.8087, 0.7831, 0.7943, 0.7896, 0.7967, 0.8130, 0.8190, 0.8220, 0.8119,
         1.0000]])
average embedding similarity
tensor([[1.0000, 0.6766, 0.6394, 0.6429, 0.6998, 0.6440, 0.6405, 0.2026, 0.7375,
         0.4338],
        [0.6766, 1.0000, 0.9822, 0.9761, 0.9880, 0.8068, 0.8310, 0.0751, 0.6445,
         0.3979],
        [0.6394, 0.9822, 1.0000, 0.9682, 0.9856, 0.7823, 0.7959, 0.0501, 0.5885,
         0.3728],
        [0.6429, 0.9761, 0.9682, 1.0000, 0.9656, 0.8443, 0.8344, 0.0773, 0.6072,
         0.3880],
        [0.6998, 0.9880, 0.9856, 0.9656, 1.0000, 0.8022, 0.8257, 0.0590, 0.6578,
         0.3758],
        [0.6440, 0.8068, 0.7823, 0.8443, 0.8022, 1.0000, 0.8873, 0.2174, 0.7141,
         0.4161],
        [0.6405, 0.8310, 0.7959, 0.8344, 0.8257, 0.8873, 1.0000, 0.2574, 0.8622,
         0.3881],
        [0.2026, 0.0751, 0.0501, 0.0773, 0.0590, 0.2174, 0.2574, 1.0000, 0.3447,
         0.6885],
        [0.7375, 0.6445, 0.5885, 0.6072, 0.6578, 0.7141, 0.8622, 0.3447, 1.0000,
         0.3598],
        [0.4338, 0.3979, 0.3728, 0.3880, 0.3758, 0.4161, 0.3881, 0.6885, 0.3598,
         1.0000]])
average client similarity
tensor([[1.0000, 0.8366, 0.8353, 0.8457, 0.8377, 0.8189, 0.8103, 0.8278, 0.8153,
         0.7882],
        [0.8366, 1.0000, 0.8311, 0.8244, 0.8304, 0.8238, 0.8263, 0.8041, 0.8166,
         0.8004],
        [0.8353, 0.8311, 1.0000, 0.8433, 0.8261, 0.8130, 0.8195, 0.8080, 0.8110,
         0.8019],
        [0.8457, 0.8244, 0.8433, 1.0000, 0.8231, 0.7971, 0.8057, 0.7955, 0.7957,
         0.7823],
        [0.8377, 0.8304, 0.8261, 0.8231, 1.0000, 0.8087, 0.8121, 0.8037, 0.8090,
         0.7887],
        [0.8189, 0.8238, 0.8130, 0.7971, 0.8087, 1.0000, 0.8235, 0.8253, 0.8461,
         0.8205],
        [0.8103, 0.8263, 0.8195, 0.8057, 0.8121, 0.8235, 1.0000, 0.8298, 0.8495,
         0.8194],
        [0.8278, 0.8041, 0.8080, 0.7955, 0.8037, 0.8253, 0.8298, 1.0000, 0.8620,
         0.8287],
        [0.8153, 0.8166, 0.8110, 0.7957, 0.8090, 0.8461, 0.8495, 0.8620, 1.0000,
         0.8374],
        [0.7882, 0.8004, 0.8019, 0.7823, 0.7887, 0.8205, 0.8194, 0.8287, 0.8374,
         1.0000]])
average embedding similarity
tensor([[1.0000, 0.5806, 0.5570, 0.5397, 0.7088, 0.5300, 0.3894, 0.3730, 0.5967,
         0.5624],
        [0.5806, 1.0000, 0.9255, 0.9293, 0.8110, 0.7148, 0.7087, 0.0901, 0.2540,
         0.5900],
        [0.5570, 0.9255, 1.0000, 0.9180, 0.8498, 0.6942, 0.6997, 0.0673, 0.2350,
         0.6167],
        [0.5397, 0.9293, 0.9180, 1.0000, 0.8278, 0.8348, 0.8197, 0.1244, 0.2815,
         0.6095],
        [0.7088, 0.8110, 0.8498, 0.8278, 1.0000, 0.7390, 0.7192, 0.1543, 0.3919,
         0.6171],
        [0.5300, 0.7148, 0.6942, 0.8348, 0.7390, 1.0000, 0.8790, 0.2400, 0.4348,
         0.5943],
        [0.3894, 0.7087, 0.6997, 0.8197, 0.7192, 0.8790, 1.0000, 0.2992, 0.4693,
         0.6386],
        [0.3730, 0.0901, 0.0673, 0.1244, 0.1543, 0.2400, 0.2992, 1.0000, 0.7310,
         0.4915],
        [0.5967, 0.2540, 0.2350, 0.2815, 0.3919, 0.4348, 0.4693, 0.7310, 1.0000,
         0.5775],
        [0.5624, 0.5900, 0.6167, 0.6095, 0.6171, 0.5943, 0.6386, 0.4915, 0.5775,
         1.0000]])
average client similarity
tensor([[1.0000, 0.8192, 0.8375, 0.8187, 0.8095, 0.7988, 0.8172, 0.8103, 0.8269,
         0.7935],
        [0.8192, 1.0000, 0.8495, 0.8335, 0.8374, 0.8033, 0.8048, 0.7954, 0.8020,
         0.7945],
        [0.8375, 0.8495, 1.0000, 0.8265, 0.8471, 0.8100, 0.8041, 0.8072, 0.8202,
         0.8149],
        [0.8187, 0.8335, 0.8265, 1.0000, 0.8287, 0.7761, 0.7858, 0.7943, 0.7887,
         0.7856],
        [0.8095, 0.8374, 0.8471, 0.8287, 1.0000, 0.8105, 0.8066, 0.8060, 0.8188,
         0.8063],
        [0.7988, 0.8033, 0.8100, 0.7761, 0.8105, 1.0000, 0.8396, 0.8349, 0.8278,
         0.8119],
        [0.8172, 0.8048, 0.8041, 0.7858, 0.8066, 0.8396, 1.0000, 0.8376, 0.8604,
         0.8177],
        [0.8103, 0.7954, 0.8072, 0.7943, 0.8060, 0.8349, 0.8376, 1.0000, 0.8316,
         0.8146],
        [0.8269, 0.8020, 0.8202, 0.7887, 0.8188, 0.8278, 0.8604, 0.8316, 1.0000,
         0.8260],
        [0.7935, 0.7945, 0.8149, 0.7856, 0.8063, 0.8119, 0.8177, 0.8146, 0.8260,
         1.0000]])
average embedding similarity
tensor([[1.0000, 0.7102, 0.6191, 0.5941, 0.6591, 0.4045, 0.4252, 0.3635, 0.5762,
         0.5685],
        [0.7102, 1.0000, 0.7355, 0.7018, 0.6930, 0.4709, 0.5103, 0.2858, 0.4186,
         0.5276],
        [0.6191, 0.7355, 1.0000, 0.9739, 0.9258, 0.6739, 0.7938, 0.0479, 0.5177,
         0.7175],
        [0.5941, 0.7018, 0.9739, 1.0000, 0.8905, 0.7312, 0.8458, 0.0934, 0.5693,
         0.7595],
        [0.6591, 0.6930, 0.9258, 0.8905, 1.0000, 0.6188, 0.7262, 0.0745, 0.5991,
         0.6863],
        [0.4045, 0.4709, 0.6739, 0.7312, 0.6188, 1.0000, 0.8614, 0.2668, 0.6317,
         0.6396],
        [0.4252, 0.5103, 0.7938, 0.8458, 0.7262, 0.8614, 1.0000, 0.2700, 0.6708,
         0.7886],
        [0.3635, 0.2858, 0.0479, 0.0934, 0.0745, 0.2668, 0.2700, 1.0000, 0.4175,
         0.4043],
        [0.5762, 0.4186, 0.5177, 0.5693, 0.5991, 0.6317, 0.6708, 0.4175, 1.0000,
         0.6467],
        [0.5685, 0.5276, 0.7175, 0.7595, 0.6863, 0.6396, 0.7886, 0.4043, 0.6467,
         1.0000]])
NCI1_Selftraining_sim_200
               best_test_acc  final_test_acc  final_best_test_acc
0-NCI1-normal       0.800529        0.766471             0.768880
1-NCI1-normal       0.788275        0.756656             0.754187
2-NCI1-normal       0.766353        0.715310             0.732354
3-NCI1-normal       0.781046        0.742110             0.746929
4-NCI1-normal       0.795622        0.737349             0.747047
5-NCI1-normal       0.800558        0.751925             0.776227
6-NCI1-normal       0.759036        0.712753             0.700764
7-NCI1-normal       0.761475        0.705495             0.724978
8-NCI1-normal       0.778548        0.732295             0.751719
9-NCI1-normal       0.802997        0.768939             0.773758
mean                0.783444        0.738930             0.747684
std                 0.006220        0.006027             0.007260
Done

Done setting up devices.
NCI1_FedAvg_sim_200
               best_test_acc  final_test_acc  final_best_test_acc
0-NCI1-normal       0.615516        0.583897             0.600882
1-NCI1-normal       0.581487        0.559536             0.571731
2-NCI1-normal       0.625389        0.596150             0.613194
3-NCI1-normal       0.627770        0.588804             0.618043
4-NCI1-normal       0.640200        0.603614             0.620746
5-NCI1-normal       0.717808        0.691037             0.691008
6-NCI1-normal       0.741992        0.715163             0.715163
7-NCI1-normal       0.744608        0.708169             0.696033
8-NCI1-normal       0.756773        0.744608             0.747017
9-NCI1-normal       0.732295        0.717690             0.710373
mean                0.678384        0.650867             0.658419
std                 0.019942        0.014626             0.015635
Done

Done setting up devices.
average client graph
tensor([[0.1000, 0.1000, 0.1000, 0.1000, 0.1000, 0.1000, 0.1000, 0.1000, 0.1000,
         0.1000],
        [0.1000, 0.1000, 0.1000, 0.1000, 0.1000, 0.1000, 0.1000, 0.1000, 0.1000,
         0.1000],
        [0.1000, 0.1000, 0.1000, 0.1000, 0.1000, 0.1000, 0.1000, 0.1000, 0.1000,
         0.1000],
        [0.1000, 0.1000, 0.1000, 0.1000, 0.1000, 0.1000, 0.1000, 0.1000, 0.1000,
         0.1000],
        [0.1000, 0.1000, 0.1000, 0.1000, 0.1000, 0.1000, 0.1000, 0.1000, 0.1000,
         0.1000],
        [0.1000, 0.1000, 0.1000, 0.1000, 0.1000, 0.1000, 0.1000, 0.1000, 0.1000,
         0.1000],
        [0.1000, 0.1000, 0.1000, 0.1000, 0.1000, 0.1000, 0.1000, 0.1000, 0.1000,
         0.1000],
        [0.1000, 0.1000, 0.1000, 0.1000, 0.1000, 0.1000, 0.1000, 0.1000, 0.1000,
         0.1000],
        [0.1000, 0.1000, 0.1000, 0.1000, 0.1000, 0.1000, 0.1000, 0.1000, 0.1000,
         0.1000],
        [0.1000, 0.1000, 0.1000, 0.1000, 0.1000, 0.1000, 0.1000, 0.1000, 0.1000,
         0.1000]])
NCI1_SFL_sim_200
               best_test_acc  final_test_acc  final_best_test_acc
0-NCI1-normal       0.746870        0.613194             0.618072
1-NCI1-normal       0.730062        0.596209             0.608287
2-NCI1-normal       0.732354        0.588892             0.591331
3-NCI1-normal       0.751866        0.625389             0.637584
4-NCI1-normal       0.729944        0.605818             0.608257
5-NCI1-normal       0.771378        0.737320             0.734881
6-NCI1-normal       0.737144        0.703115             0.707964
7-NCI1-normal       0.771261        0.712812             0.710403
8-NCI1-normal       0.763973        0.734734             0.732295
9-NCI1-normal       0.742022        0.693506             0.700793
mean                0.747687        0.661099             0.664987
std                 0.005514        0.015503             0.014732
Done

Done setting up devices.
average client similarity
tensor([[1.0000, 0.8604, 0.8736, 0.8598, 0.8531, 0.8816, 0.8683, 0.8776, 0.8680,
         0.8582, 0.8429, 0.8520],
        [0.8604, 1.0000, 0.8813, 0.8605, 0.8400, 0.8759, 0.8643, 0.8740, 0.8549,
         0.8523, 0.8462, 0.8622],
        [0.8736, 0.8813, 1.0000, 0.8632, 0.8668, 0.8704, 0.8712, 0.8735, 0.8674,
         0.8681, 0.8603, 0.8614],
        [0.8598, 0.8605, 0.8632, 1.0000, 0.8702, 0.8673, 0.8598, 0.8697, 0.8561,
         0.8464, 0.8404, 0.8597],
        [0.8531, 0.8400, 0.8668, 0.8702, 1.0000, 0.8631, 0.8759, 0.8725, 0.8694,
         0.8765, 0.8448, 0.8581],
        [0.8816, 0.8759, 0.8704, 0.8673, 0.8631, 1.0000, 0.8820, 0.8883, 0.8721,
         0.8514, 0.8427, 0.8606],
        [0.8683, 0.8643, 0.8712, 0.8598, 0.8759, 0.8820, 1.0000, 0.9285, 0.9331,
         0.9032, 0.8890, 0.9301],
        [0.8776, 0.8740, 0.8735, 0.8697, 0.8725, 0.8883, 0.9285, 1.0000, 0.9112,
         0.9052, 0.9053, 0.9230],
        [0.8680, 0.8549, 0.8674, 0.8561, 0.8694, 0.8721, 0.9331, 0.9112, 1.0000,
         0.8923, 0.8760, 0.9014],
        [0.8582, 0.8523, 0.8681, 0.8464, 0.8765, 0.8514, 0.9032, 0.9052, 0.8923,
         1.0000, 0.8828, 0.8967],
        [0.8429, 0.8462, 0.8603, 0.8404, 0.8448, 0.8427, 0.8890, 0.9053, 0.8760,
         0.8828, 1.0000, 0.8853],
        [0.8520, 0.8622, 0.8614, 0.8597, 0.8581, 0.8606, 0.9301, 0.9230, 0.9014,
         0.8967, 0.8853, 1.0000]])
average embedding similarity
tensor([[1.0000, 0.6717, 0.6792, 0.6786, 0.5997, 0.6757, 0.4353, 0.4657, 0.4345,
         0.4680, 0.3812, 0.5053],
        [0.6717, 1.0000, 0.9564, 0.9353, 0.8054, 0.9040, 0.6918, 0.4118, 0.7505,
         0.6701, 0.3658, 0.8279],
        [0.6792, 0.9564, 1.0000, 0.9719, 0.8873, 0.8979, 0.6402, 0.3443, 0.7092,
         0.6739, 0.2971, 0.7795],
        [0.6786, 0.9353, 0.9719, 1.0000, 0.9251, 0.9332, 0.6899, 0.3703, 0.7576,
         0.7529, 0.3223, 0.8176],
        [0.5997, 0.8054, 0.8873, 0.9251, 1.0000, 0.8748, 0.6158, 0.2710, 0.6690,
         0.7955, 0.2490, 0.7134],
        [0.6757, 0.9040, 0.8979, 0.9332, 0.8748, 1.0000, 0.7447, 0.4290, 0.7824,
         0.7914, 0.3882, 0.8396],
        [0.4353, 0.6918, 0.6402, 0.6899, 0.6158, 0.7447, 1.0000, 0.7204, 0.9492,
         0.7514, 0.6039, 0.9013],
        [0.4657, 0.4118, 0.3443, 0.3703, 0.2710, 0.4290, 0.7204, 1.0000, 0.6413,
         0.4452, 0.6582, 0.5839],
        [0.4345, 0.7505, 0.7092, 0.7576, 0.6690, 0.7824, 0.9492, 0.6413, 1.0000,
         0.7715, 0.5757, 0.9340],
        [0.4680, 0.6701, 0.6739, 0.7529, 0.7955, 0.7914, 0.7514, 0.4452, 0.7715,
         1.0000, 0.4305, 0.8251],
        [0.3812, 0.3658, 0.2971, 0.3223, 0.2490, 0.3882, 0.6039, 0.6582, 0.5757,
         0.4305, 1.0000, 0.5234],
        [0.5053, 0.8279, 0.7795, 0.8176, 0.7134, 0.8396, 0.9013, 0.5839, 0.9340,
         0.8251, 0.5234, 1.0000]])
average client similarity
tensor([[1.0000, 0.8415, 0.8545, 0.8278, 0.8419, 0.8444, 0.8510, 0.8375, 0.8349,
         0.8383, 0.8211, 0.8290],
        [0.8415, 1.0000, 0.8483, 0.8491, 0.8404, 0.8614, 0.8651, 0.8626, 0.8310,
         0.8335, 0.8492, 0.8539],
        [0.8545, 0.8483, 1.0000, 0.8471, 0.8345, 0.8712, 0.8690, 0.8572, 0.8519,
         0.8473, 0.8547, 0.8551],
        [0.8278, 0.8491, 0.8471, 1.0000, 0.8479, 0.8469, 0.8644, 0.8726, 0.8464,
         0.8478, 0.8426, 0.8548],
        [0.8419, 0.8404, 0.8345, 0.8479, 1.0000, 0.8516, 0.8507, 0.8505, 0.8334,
         0.8342, 0.8250, 0.8352],
        [0.8444, 0.8614, 0.8712, 0.8469, 0.8516, 1.0000, 0.8670, 0.8661, 0.8553,
         0.8554, 0.8540, 0.8433],
        [0.8510, 0.8651, 0.8690, 0.8644, 0.8507, 0.8670, 1.0000, 0.9177, 0.9189,
         0.9047, 0.9109, 0.9110],
        [0.8375, 0.8626, 0.8572, 0.8726, 0.8505, 0.8661, 0.9177, 1.0000, 0.8896,
         0.8871, 0.8980, 0.9109],
        [0.8349, 0.8310, 0.8519, 0.8464, 0.8334, 0.8553, 0.9189, 0.8896, 1.0000,
         0.8915, 0.8871, 0.8878],
        [0.8383, 0.8335, 0.8473, 0.8478, 0.8342, 0.8554, 0.9047, 0.8871, 0.8915,
         1.0000, 0.8840, 0.8773],
        [0.8211, 0.8492, 0.8547, 0.8426, 0.8250, 0.8540, 0.9109, 0.8980, 0.8871,
         0.8840, 1.0000, 0.9034],
        [0.8290, 0.8539, 0.8551, 0.8548, 0.8352, 0.8433, 0.9110, 0.9109, 0.8878,
         0.8773, 0.9034, 1.0000]])
average embedding similarity
tensor([[1.0000, 0.5993, 0.8684, 0.4738, 0.9451, 0.8867, 0.7052, 0.1577, 0.7457,
         0.7636, 0.5871, 0.4038],
        [0.5993, 1.0000, 0.6685, 0.7736, 0.6334, 0.5870, 0.5613, 0.3913, 0.5402,
         0.5454, 0.4999, 0.4934],
        [0.8684, 0.6685, 1.0000, 0.4901, 0.9354, 0.7433, 0.7662, 0.1728, 0.7981,
         0.7622, 0.6380, 0.5080],
        [0.4738, 0.7736, 0.4901, 1.0000, 0.4575, 0.4783, 0.4195, 0.6240, 0.3997,
         0.3931, 0.3813, 0.4904],
        [0.9451, 0.6334, 0.9354, 0.4575, 1.0000, 0.8939, 0.7946, 0.1843, 0.8360,
         0.8363, 0.6713, 0.4855],
        [0.8867, 0.5870, 0.7433, 0.4783, 0.8939, 1.0000, 0.7562, 0.2342, 0.7759,
         0.8288, 0.6774, 0.4544],
